0	1	0	1	0	1	0
1	0.362664	0.0692657	0.353622	0.0734455	0.362266	0.0708171
2	0.0927712	0.0494569	0.0989347	0.0524327	0.101538	0.0480597
3	0.0642843	0.0693423	0.0699506	0.0718436	0.0758709	0.0690135
4	-0.0747254	0.0530591	-0.0695611	0.0521192	-0.0756478	0.0568206
5	0.0307632	0.100616	0.021627	0.101561	0.031166	0.10472
6	0.0356452	0.0696549	0.0388992	0.0655845	0.0376338	0.0647742
7	0.0368361	0.0755185	0.0334655	0.0733527	0.0244973	0.0772198
8	-0.056894	0.0931832	-0.0682	0.0951892	-0.0635425	0.090781
9	0.0516856	0.0499234	0.0443548	0.0528549	0.0505506	0.0547463
10	0.0609864	0.0614992	0.062619	0.0634101	0.0634105	0.0630769
11	-0.0375793	0.0503358	-0.0279762	0.0508962	-0.0282411	0.0521332
12	-0.0684522	0.0815437	-0.0556818	0.0782096	-0.0678385	0.0803014
13	-0.138013	0.0938709	-0.147139	0.0905369	-0.139567	0.0933306
14	-0.0511241	0.0460021	-0.0607452	0.0444705	-0.0535367	0.0492801
15	-0.00652058	0.057668	-0.0241667	0.052127	-0.016813	0.0553931
16	-0.0237466	0.0390625	-0.019697	0.0457239	-0.0293909	0.0436352
17	-0.0193477	0.103891	-0.025	0.103983	-0.0212168	0.103846
18	0.0223008	0.0428653	0.0302209	0.0479092	0.0259083	0.0479082
19	-0.0550889	0.0632553	-0.0620024	0.0624304	-0.0563486	0.0622663
20	-0.0425394	0.0297129	-0.0242381	0.0340389	-0.0344185	0.0294723
21	0.116205	0.0762153	0.126453	0.0747687	0.129723	0.0731561
22	0.197381	0.100227	0.207661	0.0942531	0.217609	0.0952435
23	0.185715	0.135061	0.187216	0.13842	0.183453	0.139763
24	0.0485518	0.0937949	0.05	0.0958514	0.0510502	0.0949139
25	-0.0297717	0.0927748	-0.0271825	0.0895638	-0.0208783	0.0881825
26	-0.0351038	0.101349	-0.0442623	0.094683	-0.0441128	0.101547
27	0.0615994	0.0694697	0.0518689	0.0778907	0.0571957	0.0699624
28	0.0545949	0.0338895	0.0672227	0.027971	0.0611275	0.0300625
29	0.082155	0.073746	0.0876862	0.0747829	0.0826141	0.0722281
30	-0.0568011	0.0868248	-0.0529762	0.0847683	-0.0500418	0.0851704
31	0.00702628	0.0688069	0.0172424	0.0593238	0.0140012	0.0670375
32	-0.1564	0.0851096	-0.1676	0.0901627	-0.158868	0.0982035
33	-0.0965074	0.0872149	-0.0993998	0.079042	-0.0912651	0.0831934
34	0.0400855	0.0310085	0.0392929	0.0260613	0.0374828	0.0285157
35	0.115225	0.115697	0.118403	0.115149	0.108661	0.116618
36	0.0671344	0.0202002	0.0720969	0.0217535	0.0618404	0.0163928
37	-0.164667	0.0624539	-0.154228	0.0672161	-0.159417	0.0636621
38	-0.057189	0.11396	-0.0424242	0.108408	-0.0523587	0.11079
39	0.0243516	0.073932	0.0264535	0.0721872	0.0253705	0.0709612
40	-0.146531	0.06227	-0.144314	0.0637002	-0.148847	0.0641371
41	-0.0320101	0.0694889	-0.0439	0.070709	-0.0248108	0.0669891
42	0.0265933	0.0595328	-0.0109788	0.0550871	0.0237855	0.0591888
43	0.0142281	0.0533476	-0.00466936	0.0522044	0.0100202	0.0576038
44	-0.0692064	0.0868063	-0.0832117	0.0855155	-0.074133	0.0910125
45	-0.132133	0.0476541	-0.135504	0.0450286	-0.134839	0.0431425
46	0.0139275	0.0970631	0.00167925	0.0977405	0.0128617	0.096398
47	0.112703	0.118475	0.09587	0.123534	0.111512	0.121802
48	0.021327	0.10828	0.0163605	0.106744	0.0252413	0.104493
49	0.0580706	0.090559	0.0521775	0.0871641	0.0446843	0.0890756
50	0.0788116	0.0811583	0.0645545	0.0872818	0.0697364	0.0822278
51	0.0927437	0.0664564	0.084127	0.069094	0.09307	0.0652723
52	-0.0140405	0.0955369	-0.0130448	0.0957212	-0.012022	0.0982689
53	-0.122583	0.0826222	-0.1295	0.0828625	-0.12102	0.0830815
54	-0.0483212	0.117361	-0.0501121	0.125461	-0.042093	0.121314
55	-0.0159556	0.0522124	-0.0320798	0.0463763	-0.00375884	0.0532306
56	0.0456878	0.0740854	0.0516473	0.0773986	0.051866	0.0763422
57	0.0518335	0.0617147	0.0668874	0.0583552	0.0575104	0.0581662
58	-0.00941486	0.0642539	-0.00495271	0.0530627	-0.00105629	0.0566954
59	-0.0241054	0.0686964	-0.0211302	0.0694656	-0.0181563	0.0697434
60	-0.0283802	0.0554394	-0.025	0.0575543	-0.0182495	0.0585139
61	0.0338131	0.0495729	0.0440597	0.0529732	0.0472649	0.0490561
62	-0.0649423	0.0687458	-0.0662593	0.0667958	-0.0593079	0.0664464
63	-0.0389091	0.0946017	-0.0350974	0.0972167	-0.0502539	0.0992402
64	0.0552814	0.0669895	0.0548664	0.0679151	0.0515564	0.0690825
65	-0.159783	0.100821	-0.162411	0.100637	-0.161578	0.1009
66	-0.126283	0.0702223	-0.115019	0.0576419	-0.134127	0.0741084
67	-0.02556	0.0691738	-0.0339192	0.0725041	-0.0378536	0.0685077
68	0.0140047	0.0611993	-0.0154395	0.0632684	0.0125567	0.0671547
69	-0.0354441	0.110116	-0.039881	0.110026	-0.0400248	0.113384
70	-0.0442372	0.102473	-0.0462403	0.108338	-0.0526544	0.107074
71	0.00322728	0.0923938	0.0193182	0.0871762	0.0109681	0.088914
72	0.0103973	0.0477632	0.00498917	0.0432741	0.00173922	0.0523468
73	0.0264558	0.0836973	0.0224328	0.0803683	0.0199721	0.0852706
74	-0.0258977	0.0250366	-0.0324851	0.0253595	-0.0373514	0.0271377
75	0.0127024	0.0600581	0.0200141	0.0649139	0.0136467	0.0634767
76	-0.000306495	0.0618788	-0.00186567	0.0594438	-0.0103648	0.0651945
77	-0.0268526	0.0583907	-0.0289	0.0547099	-0.0197745	0.0556928
78	0.04823	0.0823744	0.041398	0.0835878	0.0524403	0.0830471
79	-0.0164775	0.0897958	-0.0144062	0.0901752	-0.0152079	0.0901033
80	-0.0511147	0.0650933	-0.035554	0.0596488	-0.055934	0.0693839
81	-0.0577928	0.0729469	-0.0643701	0.0713884	-0.068121	0.0749796
82	0.0247431	0.0463372	0.0376894	0.051206	0.0219111	0.0523014
83	-0.0728061	0.0672861	-0.0900102	0.074104	-0.0964641	0.07346
84	-0.110685	0.103266	-0.126787	0.105516	-0.118307	0.105409
85	-0.0244289	0.0788289	-0.0299274	0.0777892	-0.0279493	0.0800081
86	-0.0312162	0.112625	-0.028373	0.111511	-0.0306462	0.114006
87	0.0399756	0.058969	0.0286802	0.0564706	0.0484925	0.0544698
88	0.10525	0.10169	0.094246	0.104112	0.105286	0.101047
89	-0.0270593	0.118729	-0.0502665	0.120145	-0.0261979	0.118947
90	0.0648282	0.0295678	0.06443	0.0357419	0.060402	0.0298888
91	-0.0997292	0.0819121	-0.0945713	0.0780867	-0.11901	0.090537
92	-0.000160876	0.0542926	-0.00480317	0.0476232	-0.0101301	0.0572842
93	0.00455034	0.0239571	0.00698165	0.0280548	0.0150978	0.026056
94	-0.00128151	0.028001	0.0128269	0.0405908	0.0109878	0.0299266
95	0.0508206	0.0352473	0.0483443	0.0299726	0.0566993	0.0349155
96	0.053745	0.0795818	0.0340444	0.0819852	0.0511595	0.0819836
97	-0.00629528	0.0450221	-0.0166183	0.0578899	0.00403815	0.0477516
98	0.193876	0.0631121	0.196477	0.0581593	0.194642	0.0609129
99	0.0710523	0.0864095	0.0730531	0.0852214	0.0751293	0.0871011
