0	1	0	1	0	1	0
1	0.578811	0.0664025	0.585461	0.0676283	0.58242	0.0688234
2	0.412472	0.143836	0.42165	0.142391	0.409387	0.148836
3	0.363667	0.107358	0.380395	0.106129	0.371445	0.109682
4	0.365843	0.097672	0.378514	0.0996196	0.371792	0.101271
5	0.40745	0.0957198	0.408857	0.100032	0.412723	0.0983778
6	0.32922	0.116167	0.33516	0.122884	0.341462	0.118941
7	0.235058	0.133098	0.248663	0.132605	0.248401	0.135731
8	0.338484	0.129954	0.346487	0.130695	0.348692	0.128808
9	0.338865	0.112798	0.33589	0.115684	0.342104	0.115043
10	0.324355	0.124319	0.326196	0.126259	0.326688	0.12806
11	0.250422	0.113856	0.251787	0.115229	0.251837	0.117453
12	0.169462	0.157197	0.175398	0.156538	0.177318	0.158752
13	0.300481	0.151015	0.307165	0.150621	0.303483	0.15159
14	0.348209	0.0993967	0.356496	0.100181	0.346408	0.102508
15	0.300527	0.0888409	0.311546	0.0904809	0.307093	0.0894091
16	0.25194	0.081432	0.262509	0.0834799	0.262615	0.0836967
17	0.343532	0.091017	0.344445	0.0926348	0.343405	0.0945692
18	0.246111	0.092985	0.256789	0.0894366	0.253956	0.0935748
19	0.280316	0.0751828	0.297242	0.0728458	0.291837	0.0778374
20	0.282938	0.112269	0.306048	0.106512	0.293987	0.11199
21	0.374244	0.0696723	0.386258	0.0707141	0.386791	0.0707037
22	0.375317	0.0924922	0.380916	0.0945078	0.382893	0.0929679
23	0.30147	0.129726	0.296705	0.133264	0.307042	0.129013
24	0.225145	0.1223	0.223913	0.123511	0.236146	0.121286
25	0.2715	0.0962165	0.272042	0.0984766	0.280335	0.0971291
26	0.33751	0.100328	0.337177	0.0979993	0.346692	0.0978521
27	0.31521	0.0786987	0.323208	0.0776013	0.318507	0.0788636
28	0.254833	0.102854	0.258336	0.100095	0.256988	0.102955
29	0.277388	0.0717145	0.285545	0.0727068	0.285865	0.0753386
30	0.242044	0.093401	0.237251	0.0974822	0.24868	0.0967045
31	0.240479	0.103371	0.248533	0.106706	0.254508	0.105559
32	0.225575	0.088967	0.237582	0.0889325	0.233011	0.095583
33	0.195541	0.0663259	0.213655	0.0687724	0.210605	0.0690599
34	0.300725	0.0491054	0.309598	0.0441128	0.312684	0.0452208
35	0.105368	0.108736	0.11785	0.109906	0.11633	0.111457
36	0.174578	0.0445543	0.179101	0.0495573	0.182981	0.0473795
37	0.222953	0.0590438	0.228187	0.057692	0.232446	0.0587711
38	0.276928	0.0632063	0.281385	0.062939	0.287497	0.0651003
39	0.261882	0.0509263	0.264608	0.0525713	0.267736	0.0526818
40	0.298241	0.0372383	0.301201	0.0400708	0.30414	0.0387078
41	0.273236	0.0446367	0.284795	0.0472337	0.277162	0.0462668
42	0.172214	0.086246	0.181986	0.0908594	0.176368	0.0965105
43	0.162229	0.0891881	0.172518	0.093032	0.168821	0.0963221
44	0.135789	0.0871478	0.144852	0.0912628	0.14644	0.0926759
45	0.213319	0.07606	0.215624	0.0801674	0.225345	0.0796197
46	0.243064	0.0723117	0.246466	0.0719632	0.255183	0.0729575
47	0.206224	0.058926	0.208361	0.0610896	0.206172	0.0655765
48	0.180928	0.0371961	0.190432	0.0389411	0.18844	0.040286
49	0.273719	0.0400066	0.285588	0.0335047	0.290558	0.0325842
50	0.336973	0.0586134	0.355741	0.0533114	0.352322	0.0591795
51	0.218181	0.0741012	0.236817	0.0699092	0.234011	0.0721389
52	0.248586	0.0436322	0.256699	0.0500608	0.258522	0.049055
53	0.245931	0.0550627	0.247188	0.0562917	0.248588	0.0572194
54	0.260648	0.0488401	0.251256	0.0513398	0.262799	0.0492081
55	0.308515	0.0372501	0.306538	0.0413044	0.318167	0.0377376
56	0.232727	0.0561007	0.22583	0.055897	0.238693	0.0562769
57	0.198526	0.0882343	0.205453	0.0832229	0.201665	0.0891349
58	0.210691	0.0810055	0.204126	0.0842407	0.208219	0.0846994
59	0.204079	0.08391	0.206829	0.082859	0.20709	0.0842292
60	0.116717	0.0987581	0.128438	0.096168	0.129419	0.0955405
61	0.149219	0.0802866	0.166056	0.0819163	0.166438	0.0798089
62	0.170034	0.102752	0.180827	0.0997398	0.183495	0.100152
63	0.267787	0.06334	0.265557	0.0635389	0.266766	0.0637143
64	0.230815	0.0333523	0.243896	0.0351335	0.236766	0.0331495
65	0.235292	0.0507769	0.244663	0.0472746	0.245314	0.0451368
66	0.213861	0.0272558	0.22034	0.0251534	0.21947	0.0288581
67	0.211922	0.0675709	0.219391	0.0671427	0.216837	0.0706788
68	0.170966	0.0640337	0.183939	0.0668647	0.178282	0.0701992
69	0.216442	0.0446293	0.219009	0.0450641	0.22235	0.0468986
70	0.314804	0.0676007	0.318772	0.06833	0.316542	0.0707499
71	0.241936	0.0365969	0.245672	0.0386419	0.238146	0.0384641
72	0.256024	0.0731346	0.258614	0.074167	0.256328	0.0733184
73	0.18311	0.068658	0.173361	0.0731329	0.179365	0.0730933
74	0.240384	0.100311	0.234046	0.10352	0.246004	0.101711
75	0.190625	0.0939617	0.191968	0.0968042	0.19515	0.0975905
76	0.127228	0.104869	0.126911	0.110658	0.132298	0.111181
77	0.171373	0.074145	0.1707	0.07694	0.172525	0.0769061
78	0.156606	0.0521203	0.162374	0.0529674	0.156336	0.0554979
79	0.291583	0.0318565	0.293998	0.0299382	0.287911	0.0325291
80	0.224342	0.0832409	0.233423	0.0857807	0.234796	0.0860176
81	0.223136	0.082322	0.238415	0.0794138	0.243673	0.0773052
82	0.222337	0.0462334	0.235687	0.043843	0.239889	0.0462539
83	0.160976	0.0545766	0.180804	0.0569535	0.175547	0.0568561
84	0.233516	0.0472681	0.243857	0.0490245	0.245652	0.0465672
85	0.194445	0.0822529	0.205821	0.0826876	0.203939	0.0817728
86	0.270578	0.0627195	0.27628	0.0635819	0.280302	0.0642259
87	0.193191	0.0561568	0.201275	0.0591117	0.211544	0.0563446
88	0.11104	0.0910849	0.123003	0.0953696	0.1279	0.093926
89	0.172214	0.0648218	0.196515	0.0675305	0.193371	0.0722321
90	0.154202	0.0772256	0.168881	0.0738033	0.170561	0.0774846
91	0.179086	0.0489861	0.189158	0.0556657	0.188022	0.0544239
92	0.227591	0.0536098	0.246698	0.0557709	0.245006	0.0568096
93	0.231337	0.0369252	0.237182	0.034441	0.244006	0.0329876
94	0.250866	0.0553261	0.260738	0.0533218	0.270354	0.049477
95	0.206932	0.0678882	0.224967	0.0701109	0.23809	0.0684992
96	0.172038	0.0990685	0.183722	0.0994865	0.193693	0.0950345
97	0.151308	0.0751329	0.166328	0.0854698	0.164471	0.0834092
98	0.173392	0.0538725	0.183712	0.0615335	0.191014	0.0599026
99	0.134046	0.0936391	0.146602	0.0998069	0.154584	0.097111
