0.30124481 0.08472222
0.30539419 0.11527778
0.30912863 0.15694444
0.31203320 0.20833333
0.31452282 0.26111111
0.31618257 0.32083333
0.31867220 0.44305556
0.32074689 0.58472222
0.32157676 0.69583333
0.32365145 0.83611111
0.32489627 0.90138889
0.32655602 0.83055556
0.32738589 0.78888889
0.32780083 0.72916667
0.32904564 0.62777778
0.33029046 0.52638889
0.33236515 0.42361111
0.33485477 0.34722222
0.33983402 0.29166667
0.34564315 0.27916667
0.35228216 0.28194444
0.36141079 0.29444444
0.36929461 0.30694444
0.37800830 0.32083333
0.38630705 0.33333333
0.39543568 0.34583333
0.40746888 0.36111111
0.42199170 0.37916667
0.43278008 0.38750000
0.44439834 0.39861111
0.45726141 0.40972222
0.46929461 0.41527778
0.48298755 0.42083333
0.49668050 0.42777778
0.51327801 0.43194444
0.52697095 0.43333333
0.54356846 0.43333333
0.56141079 0.43333333
0.57551867 0.43194444
0.58838174 0.42777778
0.60124481 0.42777778
0.61286307 0.42361111
