0.30165975 0.03611111
0.30871369 0.05138889
0.31618257 0.07500000
0.32240664 0.10416667
0.32946058 0.15694444
0.33443983 0.22222222
0.33858921 0.29027778
0.34149378 0.38333333
0.34398340 0.47500000
0.34605809 0.57222222
0.34854772 0.68055556
0.35020747 0.79166667
0.35186722 0.85138889
0.35311203 0.86527778
0.35601660 0.83888889
0.35684647 0.80833333
0.35809129 0.76250000
0.35933610 0.71805556
0.36058091 0.66805556
0.36182573 0.60555556
0.36390041 0.54583333
0.36680498 0.47638889
0.36970954 0.42777778
0.37510373 0.37916667
0.38464730 0.35555556
0.40041494 0.36111111
0.41203320 0.37083333
0.42365145 0.38333333
0.43526971 0.39305556
0.44854772 0.40277778
0.46182573 0.41250000
0.47510373 0.42083333
0.48713693 0.42638889
0.49875519 0.42916667
0.51327801 0.43333333
0.52572614 0.43333333
0.53858921 0.43472222
0.55228216 0.43333333
0.56390041 0.43333333
0.58340249 0.43194444
0.59709544 0.42777778
0.61203320 0.42500000
0.61244813 0.42638889
0.61244813 0.42638889
