1.15154185 0.76944444
1.15726872 0.80000000
1.16343612 0.83888889
1.17004405 0.87222222
1.17753304 0.91944444
1.18237885 0.96666667
1.18942731 1.01944444
1.19559471 1.07222222
1.20088106 1.12222222
1.20616740 1.18055556
1.21013216 1.23055556
1.21497797 1.28888889
1.21850220 1.33888889
1.22246696 1.38611111
1.22599119 1.45000000
1.22863436 1.50833333
1.23215859 1.58333333
1.23524229 1.65000000
1.23700441 1.70000000
1.23832599 1.74722222
1.23964758 1.78888889
1.24140969 1.83611111
1.24317181 1.89166667
1.24449339 1.94722222
1.24537445 1.99722222
1.24625551 2.03888889
1.24713656 2.08333333
1.24845815 2.13055556
1.24977974 2.17500000
1.25110132 2.21944444
1.25242291 2.26111111
1.25330396 2.30000000
1.25418502 2.33888889
1.25506608 2.36944444
1.25682819 2.40000000
1.26035242 2.40277778
1.26255507 2.37777778
1.26475771 2.34166667
1.26607930 2.30833333
1.26696035 2.27500000
1.26784141 2.23888889
1.26872247 2.21388889
1.26960352 2.17500000
1.27092511 2.13055556
1.27224670 2.08333333
1.27312775 2.04166667
1.27356828 2.00000000
1.27444934 1.95555556
1.27577093 1.91944444
1.27665198 1.88055556
1.27753304 1.84444444
1.27885463 1.80000000
1.27973568 1.76111111
1.28061674 1.72500000
1.28193833 1.69444444
1.28281938 1.66111111
1.28458150 1.62222222
1.28590308 1.58888889
1.28810573 1.55000000
1.28986784 1.51944444
1.29251101 1.48055556
1.29471366 1.44166667
1.29779736 1.40000000
1.30088106 1.35555556
1.30484581 1.31111111
1.30792952 1.28055556
1.31277533 1.24166667
1.31762115 1.20277778
1.32246696 1.17500000
1.32731278 1.13888889
1.33171806 1.11388889
1.33700441 1.08333333
1.34185022 1.06111111
1.34669604 1.03333333
1.35286344 1.00555556
1.35859031 0.98611111
1.36607930 0.95833333
1.37268722 0.93055556
1.37841410 0.91388889
1.38414097 0.89166667
1.38986784 0.87500000
1.39427313 0.85833333
1.39911894 0.84444444
