1.1	-1.31698	0.553393	0.946162	0.599629	0.00328616	0.0284463
1.10075	-1.31656	0.556056	0.94581	0.6066	0.00329521	0.0285824
1.1015	-1.31614	0.558736	0.945456	0.613676	0.00330427	0.0287191
1.10225	-1.31572	0.561435	0.945099	0.620857	0.00331336	0.0288564
1.103	-1.3153	0.56415	0.944739	0.628145	0.00332248	0.0289944
1.10375	-1.31488	0.566882	0.944376	0.635542	0.00333161	0.0291329
1.1045	-1.31445	0.569629	0.944011	0.643048	0.00334077	0.0292721
1.10525	-1.31402	0.572392	0.943643	0.650666	0.00334995	0.0294119
1.106	-1.31359	0.57517	0.943272	0.658397	0.00335915	0.0295523
1.10675	-1.31316	0.577962	0.942898	0.666241	0.00336838	0.0296933
1.1075	-1.31272	0.580767	0.942521	0.674202	0.00337763	0.0298349
1.10825	-1.31229	0.583587	0.942142	0.682281	0.0033869	0.0299772
1.109	-1.31185	0.586419	0.941759	0.690479	0.0033962	0.03012
1.10975	-1.31141	0.589264	0.941374	0.698798	0.00340551	0.0302635
1.1105	-1.31096	0.592121	0.940986	0.70724	0.00341485	0.0304076
1.11125	-1.31052	0.59499	0.940594	0.715808	0.00342422	0.0305524
1.112	-1.31007	0.597871	0.9402	0.724503	0.00343361	0.0306977
1.11275	-1.30962	0.600764	0.939802	0.733327	0.00344302	0.0308438
1.1135	-1.30917	0.603669	0.939402	0.742283	0.00345246	0.0309904
1.11425	-1.30872	0.606586	0.938998	0.751374	0.00346192	0.0311377
1.115	-1.30826	0.609514	0.938591	0.760602	0.00347141	0.0312857
1.11575	-1.3078	0.612453	0.938181	0.769969	0.00348092	0.0314343
1.1165	-1.30734	0.615405	0.937768	0.779479	0.00349046	0.0315836
1.11725	-1.30688	0.618369	0.937352	0.789135	0.00350002	0.0317336
1.118	-1.30641	0.621344	0.936932	0.798939	0.00350961	0.0318842
1.11875	-1.30595	0.624332	0.936509	0.808894	0.00351923	0.0320356
1.1195	-1.30548	0.627333	0.936083	0.819005	0.00352887	0.0321876
1.12025	-1.30501	0.630347	0.935653	0.829274	0.00353854	0.0323404
1.121	-1.30453	0.633374	0.93522	0.839705	0.00354824	0.0324939
1.12175	-1.30406	0.636415	0.934784	0.850303	0.00355796	0.0326481
1.1225	-1.30358	0.639469	0.934344	0.86107	0.00356772	0.032803
1.12325	-1.3031	0.642539	0.9339	0.87201	0.0035775	0.0329587
1.124	-1.30261	0.645623	0.933453	0.883129	0.00358731	0.0331152
1.12475	-1.30213	0.648722	0.933003	0.89443	0.00359715	0.0332724
1.1255	-1.30164	0.651837	0.932549	0.905917	0.00360702	0.0334304
1.12625	-1.30115	0.654969	0.932091	0.917595	0.00361692	0.0335892
1.127	-1.30066	0.658117	0.931629	0.929469	0.00362684	0.0337488
1.12775	-1.30016	0.661282	0.931164	0.941543	0.0036368	0.0339092
1.1285	-1.29967	0.664464	0.930695	0.953822	0.00364679	0.0340704
1.12925	-1.29917	0.667665	0.930222	0.966312	0.00365681	0.0342324
1.13	-1.29866	0.670885	0.929746	0.979017	0.00366686	0.0343953
1.13075	-1.29816	0.674123	0.929265	0.991942	0.00367694	0.0345591
1.1315	-1.29765	0.677382	0.928781	1.00509	0.00368705	0.0347236
1.13225	-1.29714	0.68066	0.928292	1.01847	0.00369719	0.0348891
1.133	-1.29663	0.683959	0.9278	1.03209	0.00370736	0.0350554
1.13375	-1.29612	0.687279	0.927304	1.04595	0.00371757	0.0352227
1.1345	-1.2956	0.690621	0.926803	1.06006	0.0037278	0.0353908
1.13525	-1.29508	0.693985	0.926298	1.07443	0.00373806	0.0355598
1.136	-1.29456	0.697371	0.925789	1.08905	0.00374836	0.0357297
1.13675	-1.29404	0.700781	0.925276	1.10394	0.00375869	0.0359006
1.1375	-1.29351	0.704214	0.924758	1.1191	0.00376904	0.0360723
1.13825	-1.29298	0.707671	0.924236	1.13455	0.00377943	0.036245
1.139	-1.29245	0.711153	0.92371	1.15027	0.00378985	0.0364186
1.13975	-1.29191	0.714661	0.923179	1.16629	0.0038003	0.0365932
1.1405	-1.29138	0.718193	0.922644	1.18261	0.00381078	0.0367687
1.14125	-1.29084	0.721752	0.922104	1.19924	0.00382129	0.0369451
1.142	-1.29029	0.725336	0.921559	1.21618	0.00383183	0.0371224
1.14275	-1.28975	0.728948	0.92101	1.23344	0.0038424	0.0373008
1.1435	-1.2892	0.732586	0.920456	1.25103	0.003853	0.03748
1.14425	-1.28865	0.736252	0.919897	1.26896	0.00386363	0.0376602
1.145	-1.2881	0.739945	0.919333	1.28723	0.00387429	0.0378413
1.14575	-1.28754	0.743665	0.918764	1.30586	0.00388498	0.0380234
1.1465	-1.28698	0.747414	0.918191	1.32485	0.00389569	0.0382064
1.14725	-1.28642	0.751191	0.917612	1.34421	0.00390644	0.0383903
1.148	-1.28585	0.754996	0.917028	1.36396	0.00391721	0.0385752
1.14875	-1.28529	0.75883	0.916439	1.3841	0.00392801	0.038761
1.1495	-1.28472	0.762693	0.915844	1.40464	0.00393884	0.0389477
1.15025	-1.28414	0.766584	0.915244	1.4256	0.00394969	0.0391353
1.151	-1.28357	0.770504	0.914639	1.44699	0.00396058	0.0393239
1.15175	-1.28299	0.774453	0.914029	1.46881	0.00397149	0.0395134
1.1525	-1.2824	0.778432	0.913412	1.49109	0.00398242	0.0397038
1.15325	-1.28182	0.782441	0.91279	1.51383	0.00399338	0.0398951
1.154	-1.28123	0.78648	0.912163	1.53706	0.00400437	0.0400874
1.15475	-1.28064	0.790549	0.91153	1.56079	0.00401538	0.0402805
1.1555	-1.28004	0.794649	0.91089	1.58503	0.00402642	0.0404746
1.15625	-1.27945	0.798781	0.910245	1.6098	0.00403748	0.0406696
1.157	-1.27885	0.802945	0.909594	1.63512	0.00404857	0.0408655
1.15775	-1.27824	0.807141	0.908937	1.66101	0.00405969	0.0410623
1.1585	-1.27764	0.811372	0.908273	1.68749	0.00407083	0.04126
1.15925	-1.27703	0.815637	0.907603	1.71458	0.00408199	0.0414587
1.16	-1.27641	0.819939	0.906927	1.7423	0.00409318	0.0416583
1.16075	-1.2758	0.824276	0.906244	1.77068	0.0041044	0.0418588
1.1615	-1.27518	0.828652	0.905554	1.79974	0.00411564	0.0420602
1.16225	-1.27455	0.833067	0.904858	1.82951	0.00412691	0.0422626
1.163	-1.27393	0.837523	0.904155	1.86001	0.0041382	0.042466
1.16375	-1.2733	0.84202	0.903445	1.89126	0.00414952	0.0426704
1.1645	-1.27266	0.84656	0.902728	1.92331	0.00416087	0.0428757
1.16525	-1.27203	0.851144	0.902004	1.95616	0.00417224	0.043082
1.166	-1.27139	0.855774	0.901272	1.98987	0.00418365	0.0432893
1.16675	-1.27074	0.860451	0.900533	2.02445	0.00419508	0.0434977
1.1675	-1.2701	0.865175	0.899786	2.05993	0.00420655	0.0437071
1.16825	-1.26944	0.869948	0.899032	2.09636	0.00421804	0.0439176
1.169	-1.26879	0.87477	0.89827	2.13376	0.00422957	0.0441292
1.16975	-1.26813	0.879643	0.897499	2.17217	0.00424113	0.0443418
1.1705	-1.26747	0.884566	0.896721	2.21161	0.00425272	0.0445557
1.17125	-1.26681	0.88954	0.895934	2.25213	0.00426435	0.0447706
1.172	-1.26614	0.894566	0.895139	2.29377	0.00427602	0.0449868
1.17275	-1.26546	0.899643	0.894335	2.33655	0.00428772	0.0452041
1.1735	-1.26479	0.904771	0.893522	2.38051	0.00429946	0.0454228
1.17425	-1.26411	0.90995	0.8927	2.4257	0.00431124	0.0456426
1.175	-1.26342	0.915179	0.891869	2.47215	0.00432306	0.0458638
1.17575	-1.26273	0.920457	0.891029	2.51989	0.00433492	0.0460864
1.1765	-1.26204	0.925785	0.89018	2.56898	0.00434682	0.0463102
1.17725	-1.26135	0.93116	0.88932	2.61945	0.00435876	0.0465355
1.178	-1.26064	0.936582	0.888451	2.67134	0.00437075	0.0467622
1.17875	-1.25994	0.942049	0.887572	2.7247	0.00438279	0.0469904
1.1795	-1.25923	0.947561	0.886683	2.77956	0.00439487	0.0472201
1.18025	-1.25852	0.953117	0.885783	2.83599	0.004407	0.0474512
1.181	-1.2578	0.958715	0.884873	2.89401	0.00441918	0.047684
1.18175	-1.25708	0.964354	0.883953	2.95368	0.00443141	0.0479183
1.1825	-1.25636	0.970035	0.883021	3.01505	0.00444369	0.0481542
1.18325	-1.25563	0.975755	0.882078	3.07818	0.00445602	0.0483917
1.184	-1.25489	0.981515	0.881124	3.14311	0.0044684	0.048631
1.18475	-1.25415	0.987314	0.880158	3.2099	0.00448083	0.0488719
1.1855	-1.25341	0.993153	0.879181	3.27862	0.00449332	0.0491145
1.18625	-1.25266	0.999032	0.878192	3.34932	0.00450586	0.0493588
1.187	-1.25191	1.00495	0.877191	3.42207	0.00451846	0.0496049
1.18775	-1.25116	1.01091	0.876177	3.49694	0.00453111	0.0498527
1.1885	-1.2504	1.01692	0.875151	3.57401	0.00454382	0.0501023
1.18925	-1.24963	1.02297	0.874113	3.65334	0.00455658	0.0503538
1.19	-1.24886	1.02906	0.873061	3.73501	0.0045694	0.050607
1.19075	-1.24809	1.03521	0.871996	3.81913	0.00458228	0.050862
1.1915	-1.24731	1.0414	0.870918	3.90577	0.00459522	0.0511188
1.19225	-1.24653	1.04765	0.869826	3.99503	0.00460821	0.0513775
1.193	-1.24574	1.05397	0.868719	4.08702	0.00462126	0.051638
1.19375	-1.24494	1.06034	0.867599	4.18184	0.00463437	0.0519003
1.1945	-1.24415	1.06678	0.866464	4.27962	0.00464754	0.0521645
1.19525	-1.24334	1.07329	0.865314	4.38046	0.00466077	0.0524305
1.196	-1.24254	1.07987	0.864149	4.48451	0.00467406	0.0526983
1.19675	-1.24172	1.08653	0.862969	4.59191	0.00468741	0.0529679
1.1975	-1.24091	1.09328	0.861772	4.70279	0.00470082	0.0532394
1.19825	-1.24008	1.10011	0.86056	4.81732	0.00471428	0.0535127
1.199	-1.23926	1.10704	0.85933	4.93566	0.00472781	0.0537879
1.19975	-1.23842	1.11406	0.858084	5.05799	0.0047414	0.0540648
1.2005	-1.23759	1.12119	0.85682	5.1845	0.00475505	0.0543436
1.20125	-1.23674	1.12842	0.855539	5.3154	0.00476877	0.0546242
1.202	-1.23589	1.13576	0.854239	5.45088	0.00478254	0.0549066
1.20275	-1.23504	1.14321	0.85292	5.59118	0.00479638	0.0551907
1.2035	-1.23418	1.15077	0.851582	5.73655	0.00481028	0.0554767
1.20425	-1.23331	1.15846	0.850225	5.88724	0.00482424	0.0557645
1.205	-1.23244	1.16626	0.848847	6.04352	0.00483826	0.056054
1.20575	-1.23156	1.17419	0.847448	6.2057	0.00485235	0.0563454
1.2065	-1.23068	1.18223	0.846028	6.37409	0.0048665	0.0566385
1.20725	-1.22979	1.19041	0.844586	6.54902	0.00488072	0.0569334
1.208	-1.22889	1.19871	0.843122	6.73088	0.004895	0.05723
1.20875	-1.22799	1.20713	0.841634	6.92006	0.00490934	0.0575285
1.2095	-1.22708	1.21568	0.840123	7.11698	0.00492375	0.0578287
1.21025	-1.22617	1.22436	0.838587	7.32211	0.00493823	0.0581308
1.211	-1.22525	1.23317	0.837025	7.53597	0.00495277	0.0584346
1.21175	-1.22432	1.2421	0.835438	7.75911	0.00496738	0.0587403
1.2125	-1.22338	1.25116	0.833824	7.99214	0.00498206	0.0590478
1.21325	-1.22244	1.26035	0.832183	8.23572	0.0049968	0.0593572
1.214	-1.22149	1.26967	0.830513	8.4906	0.00501161	0.0596686
1.21475	-1.22054	1.27912	0.828814	8.75759	0.0050265	0.0599818
1.2155	-1.21957	1.28871	0.827085	9.03758	0.00504145	0.0602971
1.21625	-1.2186	1.29844	0.825325	9.33157	0.00505647	0.0606144
1.217	-1.21763	1.30831	0.823533	9.64067	0.00507157	0.0609338
1.21775	-1.21664	1.31834	0.821708	9.96608	0.00508674	0.0612554
1.2185	-1.21565	1.32853	0.819848	10.3092	0.00510198	0.0615793
1.21925	-1.21465	1.3389	0.817952	10.6715	0.0051173	0.0619055
1.22	-1.21364	1.34945	0.81602	11.0547	0.0051327	0.0622342
1.22075	-1.21262	1.3602	0.814049	11.4606	0.00514818	0.0625655
1.2215	-1.2116	1.37116	0.812038	11.8914	0.00516374	0.0628994
1.22225	-1.21057	1.38235	0.809986	12.3493	0.00517939	0.0632362
1.223	-1.20953	1.3938	0.80789	12.8369	0.00519512	0.063576
1.22375	-1.20848	1.40552	0.805749	13.3572	0.00521094	0.0639189
1.2245	-1.20742	1.41753	0.80356	13.9133	0.00522686	0.0642651
1.22525	-1.20635	1.42986	0.801322	14.5088	0.00524288	0.0646147
1.226	-1.20527	1.44253	0.799031	15.1477	0.005259	0.0649679
1.22675	-1.20419	1.45558	0.796686	15.8344	0.00527523	0.0653249
1.2275	-1.20309	1.46902	0.794283	16.5739	0.00529157	0.0656858
1.22825	-1.20198	1.48289	0.791819	17.3715	0.00530803	0.0660509
1.229	-1.20086	1.49722	0.789291	18.2335	0.00532461	0.0664203
1.22975	-1.19974	1.51204	0.786696	19.1667	0.00534132	0.0667942
1.2305	-1.1986	1.52737	0.784028	20.1785	0.00535817	0.0671729
1.23125	-1.19745	1.54325	0.781284	21.2773	0.00537515	0.0675564
1.232	-1.19628	1.55971	0.778458	22.4725	0.00539228	0.0679449
1.23275	-1.19511	1.57678	0.775547	23.7742	0.00540957	0.0683387
1.2335	-1.19392	1.5945	0.772545	25.194	0.00542701	0.0687379
1.23425	-1.19271	1.61288	0.769445	26.7443	0.00544462	0.0691427
1.235	-1.1915	1.63198	0.766241	28.439	0.00546241	0.0695532
1.23575	-1.19027	1.6518	0.762926	30.2933	0.00548037	0.0699697
1.2365	-1.18902	1.67239	0.759493	32.3236	0.00549852	0.0703923
1.23725	-1.18776	1.69377	0.755933	34.5482	0.00551686	0.0708211
1.238	-1.18648	1.71596	0.752238	36.9865	0.0055354	0.0712564
1.23875	-1.18518	1.739	0.748399	39.6597	0.00555414	0.0716983
1.2395	-1.18387	1.76289	0.744405	42.5904	0.0055731	0.0721469
1.24025	-1.18254	1.78765	0.740246	45.8026	0.00559227	0.0726025
1.241	-1.18119	1.81329	0.735911	49.3216	0.00561167	0.0730652
1.24175	-1.17982	1.83982	0.731388	53.1737	0.0056313	0.0735352
1.2425	-1.17843	1.86722	0.726663	57.386	0.00565117	0.0740127
1.24325	-1.17702	1.89548	0.721725	61.9859	0.00567128	0.0744978
1.244	-1.17558	1.92457	0.716559	67.0006	0.00569164	0.0749909
1.24475	-1.17413	1.95443	0.711151	72.4565	0.00571225	0.075492
1.2455	-1.17265	1.98501	0.705487	78.3783	0.00573313	0.0760013
1.24625	-1.17115	2.01622	0.699552	84.7882	0.00575426	0.0765191
1.247	-1.16963	2.04795	0.693331	91.7047	0.00577567	0.0770454
1.24775	-1.16808	2.08008	0.686811	99.1415	0.00579734	0.0775805
1.2485	-1.16651	2.11245	0.679979	107.106	0.00581929	0.0781243
1.24925	-1.16491	2.14488	0.67282	115.599	0.00584151	0.078677
1.25	-1.16329	2.17716	0.665324	124.612	0.005864	0.0792386
1.25075	-1.16165	2.20905	0.657481	134.125	0.00588675	0.0798089
1.2515	-1.15998	2.24029	0.649282	144.11	0.00590977	0.0803879
1.25225	-1.15829	2.27059	0.640723	154.522	0.00593303	0.0809754
1.253	-1.15657	2.29966	0.631801	165.308	0.00595653	0.0815709
1.25375	-1.15484	2.32717	0.622515	176.398	0.00598026	0.082174
1.2545	-1.15308	2.35279	0.612871	187.711	0.00600419	0.0827843
1.25525	-1.15131	2.3762	0.602876	199.152	0.00602829	0.0834009
1.256	-1.14952	2.39708	0.592542	210.616	0.00605256	0.0840233
1.25675	-1.14771	2.41512	0.581886	221.988	0.00607695	0.0846504
1.2575	-1.1459	2.43006	0.570927	233.147	0.00610143	0.0852813
1.25825	-1.14407	2.44164	0.559691	243.968	0.00612597	0.0859149
1.259	-1.14223	2.44966	0.548206	254.324	0.00615053	0.08655
1.25975	-1.14039	2.45398	0.536504	264.094	0.00617506	0.0871854
1.2605	-1.13855	2.4545	0.524621	273.16	0.00619953	0.08782
1.26125	-1.13671	2.45119	0.512595	281.417	0.0062239	0.0884523
1.262	-1.13488	2.44408	0.500465	288.772	0.00624813	0.0890812
1.26275	-1.13305	2.43324	0.488275	295.149	0.00627217	0.0897055
1.2635	-1.13123	2.41884	0.476064	300.488	0.00629598	0.090324
1.26425	-1.12942	2.40106	0.463876	304.75	0.00631953	0.0909356
1.265	-1.12763	2.38014	0.451752	307.916	0.00634279	0.0915393
1.26575	-1.12585	2.35638	0.43973	309.984	0.00636572	0.0921344
1.2665	-1.12409	2.33007	0.427848	310.974	0.00638831	0.09272
1.26725	-1.12236	2.30156	0.416141	310.92	0.00641052	0.0932954
1.268	-1.12064	2.27119	0.40464	309.873	0.00643234	0.0938602
1.26875	-1.11895	2.2393	0.393374	307.896	0.00645377	0.094414
1.2695	-1.11728	2.20624	0.382367	305.061	0.00647478	0.0949566
1.27025	-1.11564	2.17232	0.37164	301.447	0.00649538	0.0954877
1.271	-1.11403	2.13787	0.361212	297.141	0.00651556	0.0960073
1.27175	-1.11244	2.10317	0.351094	292.227	0.00653532	0.0965155
1.2725	-1.11087	2.06848	0.341299	286.793	0.00655468	0.0970123
1.27325	-1.10933	2.03403	0.331832	280.923	0.00657363	0.0974981
1.274	-1.10782	2.00004	0.322699	274.698	0.00659218	0.0979729
1.27475	-1.10633	1.96667	0.313899	268.196	0.00661036	0.0984372
1.2755	-1.10487	1.93408	0.305433	261.487	0.00662816	0.0988912
1.27625	-1.10343	1.90238	0.297296	254.635	0.0066456	0.0993353
1.277	-1.10202	1.87167	0.289485	247.701	0.0066627	0.0997699
1.27775	-1.10062	1.84201	0.281991	240.735	0.00667947	0.100195
1.2785	-1.09925	1.81347	0.274808	233.782	0.00669593	0.100612
1.27925	-1.0979	1.78606	0.267927	226.883	0.00671208	0.101021
1.28	-1.09657	1.75981	0.261337	220.07	0.00672795	0.101421
1.28075	-1.09526	1.7347	0.255028	213.371	0.00674354	0.101814
1.2815	-1.09397	1.71073	0.24899	206.809	0.00675888	0.1022
1.28225	-1.0927	1.68787	0.243212	200.401	0.00677396	0.102579
1.283	-1.09144	1.66608	0.237682	194.163	0.00678882	0.102951
1.28375	-1.0902	1.64534	0.23239	188.104	0.00680345	0.103318
1.2845	-1.08897	1.62558	0.227325	182.233	0.00681786	0.103678
1.28525	-1.08776	1.60677	0.222476	176.553	0.00683208	0.104033
1.286	-1.08656	1.58885	0.217832	171.067	0.0068461	0.104383
1.28675	-1.08537	1.57178	0.213384	165.776	0.00685994	0.104728
1.2875	-1.0842	1.55549	0.209121	160.679	0.00687361	0.105069
1.28825	-1.08304	1.53993	0.205034	155.773	0.00688711	0.105405
1.289	-1.08189	1.52506	0.201114	151.055	0.00690044	0.105736
1.28975	-1.08075	1.51082	0.197353	146.521	0.00691363	0.106064
1.2905	-1.07963	1.49716	0.193741	142.166	0.00692667	0.106388
1.29125	-1.07851	1.48405	0.190272	137.984	0.00693956	0.106708
1.292	-1.0774	1.47144	0.186937	133.97	0.00695232	0.107025
1.29275	-1.0763	1.45928	0.18373	130.118	0.00696495	0.107339
1.2935	-1.07521	1.44756	0.180644	126.422	0.00697746	0.10765
1.29425	-1.07413	1.43622	0.177672	122.875	0.00698984	0.107958
1.295	-1.07306	1.42525	0.174809	119.472	0.0070021	0.108263
1.29575	-1.07199	1.41461	0.172049	116.207	0.00701426	0.108565
1.2965	-1.07093	1.40428	0.169386	113.072	0.0070263	0.108865
1.29725	-1.06988	1.39425	0.166815	110.064	0.00703823	0.109162
1.298	-1.06884	1.38448	0.164332	107.175	0.00705006	0.109457
1.29875	-1.06781	1.37498	0.161932	104.4	0.0070618	0.10975
1.2995	-1.06678	1.36571	0.159611	101.734	0.00707343	0.110041
1.30025	-1.06576	1.35667	0.157365	99.172	0.00708497	0.11033
1.301	-1.06474	1.34785	0.155189	96.7087	0.00709642	0.110617
1.30175	-1.06374	1.33924	0.153082	94.3392	0.00710778	0.110902
1.3025	-1.06274	1.33082	0.151038	92.0592	0.00711906	0.111185
1.30325	-1.06174	1.3226	0.149056	89.8641	0.00713025	0.111467
1.304	-1.06075	1.31456	0.147132	87.7499	0.00714136	0.111746
1.30475	-1.05977	1.30671	0.145263	85.7126	0.00715239	0.112024
1.3055	-1.05879	1.29902	0.143448	83.7484	0.00716335	0.112301
1.30625	-1.05782	1.29151	0.141682	81.8537	0.00717423	0.112576
1.307	-1.05685	1.28415	0.139965	80.0252	0.00718503	0.112849
1.30775	-1.05589	1.27696	0.138293	78.2596	0.00719577	0.113121
1.3085	-1.05494	1.26992	0.136666	76.554	0.00720643	0.113391
1.30925	-1.05399	1.26303	0.13508	74.9055	0.00721703	0.11366
1.31	-1.05304	1.25629	0.133535	73.3114	0.00722756	0.113927
1.31075	-1.0521	1.2497	0.132028	71.7691	0.00723802	0.114192
1.3115	-1.05117	1.24324	0.130558	70.2764	0.00724842	0.114457
1.31225	-1.05024	1.23693	0.129124	68.8309	0.00725876	0.11472
1.313	-1.04931	1.23074	0.127723	67.4305	0.00726903	0.114981
1.31375	-1.04839	1.22469	0.126356	66.0732	0.00727924	0.115241
1.3145	-1.04748	1.21877	0.12502	64.7573	0.00728939	0.115499
1.31525	-1.04657	1.21297	0.123714	63.4808	0.00729949	0.115756
1.316	-1.04566	1.2073	0.122438	62.2422	0.00730952	0.116011
1.31675	-1.04475	1.20174	0.121189	61.04	0.0073195	0.116265
1.3175	-1.04386	1.1963	0.119968	59.8725	0.00732941	0.116517
1.31825	-1.04296	1.19098	0.118774	58.7385	0.00733927	0.116768
1.319	-1.04207	1.18577	0.117604	57.6367	0.00734908	0.117017
1.31975	-1.04118	1.18067	0.11646	56.5658	0.00735883	0.117265
1.3205	-1.0403	1.17568	0.115339	55.5246	0.00736852	0.117511
1.32125	-1.03942	1.17079	0.114241	54.512	0.00737817	0.117755
1.322	-1.03854	1.16599	0.113165	53.527	0.00738775	0.117998
1.32275	-1.03767	1.1613	0.112111	52.5686	0.00739729	0.118239
1.3235	-1.0368	1.15669	0.111078	51.6358	0.00740678	0.118478
1.32425	-1.03593	1.15217	0.110066	50.7277	0.00741621	0.118716
1.325	-1.03507	1.14774	0.109073	49.8434	0.00742559	0.118952
1.32575	-1.03421	1.14338	0.1081	48.9821	0.00743493	0.119187
1.3265	-1.03336	1.1391	0.107145	48.1431	0.00744421	0.11942
1.32725	-1.0325	1.13489	0.106209	47.3255	0.00745345	0.119651
1.328	-1.03165	1.13073	0.105291	46.5287	0.00746264	0.119881
1.32875	-1.03081	1.12664	0.104389	45.7519	0.00747179	0.120109
1.3295	-1.02996	1.1226	0.103505	44.9945	0.00748088	0.120335
1.33025	-1.02912	1.11861	0.102637	44.2559	0.00748994	0.12056
1.331	-1.02829	1.11466	0.101786	43.5354	0.00749894	0.120784
1.33175	-1.02745	1.11075	0.10095	42.8325	0.00750791	0.121005
1.3325	-1.02662	1.10687	0.10013	42.1465	0.00751683	0.121226
1.33325	-1.02579	1.10302	0.0993245	41.4771	0.00752571	0.121444
1.334	-1.02497	1.09919	0.098534	40.8236	0.00753454	0.121662
1.33475	-1.02414	1.09538	0.0977579	40.1856	0.00754334	0.121877
1.3355	-1.02332	1.09159	0.0969959	39.5626	0.00755209	0.122092
1.33625	-1.02251	1.0878	0.0962478	38.9542	0.0075608	0.122305
1.337	-1.02169	1.08403	0.0955133	38.3599	0.00756947	0.122516
1.33775	-1.02088	1.08026	0.094792	37.7793	0.0075781	0.122726
1.3385	-1.02007	1.0765	0.0940837	37.212	0.00758669	0.122935
1.33925	-1.01926	1.07273	0.0933882	36.6577	0.00759523	0.123142
1.34	-1.01846	1.06897	0.0927051	36.1159	0.00760374	0.123348
1.34075	-1.01766	1.06521	0.0920343	35.5863	0.00761221	0.123553
1.3415	-1.01686	1.06145	0.0913754	35.0686	0.00762064	0.123756
1.34225	-1.01607	1.05769	0.0907282	34.5625	0.00762903	0.123958
1.343	-1.01528	1.05393	0.0900924	34.0676	0.00763738	0.124158
1.34375	-1.01449	1.05018	0.0894678	33.5837	0.00764569	0.124358
1.3445	-1.0137	1.04643	0.0888541	33.1103	0.00765396	0.124556
1.34525	-1.01292	1.04268	0.0882511	32.6474	0.00766219	0.124752
1.346	-1.01214	1.03894	0.0876585	32.1945	0.00767037	0.124948
1.34675	-1.01136	1.03521	0.0870761	31.7514	0.00767852	0.125142
1.3475	-1.01058	1.0315	0.0865036	31.3179	0.00768663	0.125335
1.34825	-1.00981	1.0278	0.0859407	30.8937	0.0076947	0.125526
1.349	-1.00904	1.02412	0.0853873	30.4786	0.00770273	0.125717
1.34975	-1.00828	1.02046	0.084843	30.0722	0.00771072	0.125906
1.3505	-1.00751	1.01682	0.0843076	29.6745	0.00771867	0.126093
1.35125	-1.00675	1.01322	0.0837808	29.2851	0.00772658	0.12628
1.352	-1.00599	1.00964	0.0832624	28.9039	0.00773445	0.126465
1.35275	-1.00524	1.0061	0.0827522	28.5305	0.00774228	0.126649
1.3535	-1.00448	1.0026	0.08225	28.1649	0.00775007	0.126831
1.35425	-1.00373	0.999132	0.0817553	27.8068	0.00775782	0.127013
1.355	-1.00298	0.995709	0.0812682	27.456	0.00776553	0.127193
1.35575	-1.00224	0.99233	0.0807882	27.1122	0.0077732	0.127372
1.3565	-1.0015	0.988998	0.0803152	26.7754	0.00778083	0.12755
1.35725	-1.00076	0.985713	0.079849	26.4453	0.00778842	0.127726
1.358	-1.00002	0.982478	0.0793893	26.1218	0.00779598	0.127902
1.35875	-0.999282	0.979294	0.078936	25.8046	0.00780349	0.128076
1.3595	-0.998549	0.97616	0.0784888	25.4935	0.00781097	0.128249
1.36025	-0.997818	0.973079	0.0780475	25.1885	0.00781842	0.128421
1.361	-0.997089	0.97005	0.0776119	24.8894	0.00782582	0.128592
1.36175	-0.996363	0.967073	0.0771819	24.5959	0.0078332	0.128762
1.3625	-0.995638	0.964147	0.0767573	24.308	0.00784053	0.12893
1.36325	-0.994916	0.961272	0.0763379	24.0255	0.00784783	0.129098
1.364	-0.994196	0.958447	0.0759235	23.7482	0.0078551	0.129265
1.36475	-0.993479	0.955671	0.075514	23.476	0.00786234	0.12943
1.3655	-0.992763	0.952942	0.0751093	23.2087	0.00786954	0.129595
1.36625	-0.992049	0.950258	0.0747091	22.9463	0.00787671	0.129759
1.367	-0.991337	0.947618	0.0743134	22.6886	0.00788386	0.129922
1.36775	-0.990628	0.945019	0.0739221	22.4354	0.00789097	0.130084
1.3685	-0.98992	0.942459	0.0735349	22.1868	0.00789805	0.130245
1.36925	-0.989214	0.939936	0.0731519	21.9424	0.0079051	0.130406
1.37	-0.98851	0.937447	0.0727729	21.7023	0.00791213	0.130565
1.37075	-0.987808	0.93499	0.0723978	21.4664	0.00791913	0.130724
1.3715	-0.987108	0.932562	0.0720265	21.2344	0.00792611	0.130882
1.37225	-0.986409	0.93016	0.0716589	21.0064	0.00793306	0.131039
1.373	-0.985712	0.927782	0.071295	20.7823	0.00793998	0.131196
1.37375	-0.985017	0.925425	0.0709346	20.5618	0.00794688	0.131352
1.3745	-0.984324	0.923087	0.0705778	20.3451	0.00795376	0.131507
1.37525	-0.983633	0.920764	0.0702244	20.1319	0.00796062	0.131661
1.376	-0.982943	0.918454	0.0698743	19.9222	0.00796745	0.131815
1.37675	-0.982255	0.916155	0.0695277	19.7159	0.00797426	0.131968
1.3775	-0.981569	0.913865	0.0691843	19.513	0.00798105	0.132121
1.37825	-0.980884	0.911582	0.0688441	19.3133	0.00798782	0.132272
1.379	-0.980201	0.909303	0.0685071	19.1169	0.00799457	0.132424
1.37975	-0.97952	0.907027	0.0681733	18.9236	0.0080013	0.132574
1.3805	-0.978841	0.904752	0.0678427	18.7333	0.00800801	0.132724
1.38125	-0.978163	0.902476	0.0675151	18.546	0.00801471	0.132874
1.382	-0.977487	0.900199	0.0671906	18.3617	0.00802138	0.133023
1.38275	-0.976813	0.89792	0.0668691	18.1803	0.00802803	0.133172
1.3835	-0.97614	0.895636	0.0665507	18.0017	0.00803467	0.133319
1.38425	-0.975469	0.893349	0.0662353	17.8258	0.00804129	0.133467
1.385	-0.9748	0.891056	0.0659229	17.6527	0.00804789	0.133614
1.38575	-0.974133	0.888759	0.0656134	17.4822	0.00805448	0.13376
1.3865	-0.973467	0.886456	0.0653069	17.3144	0.00806105	0.133907
1.38725	-0.972803	0.884147	0.0650034	17.149	0.0080676	0.134052
1.388	-0.972141	0.881834	0.0647027	16.9862	0.00807413	0.134197
1.38875	-0.97148	0.879516	0.064405	16.8259	0.00808065	0.134342
1.3895	-0.970822	0.877194	0.0641102	16.668	0.00808715	0.134486
1.39025	-0.970165	0.874869	0.0638183	16.5124	0.00809364	0.13463
1.391	-0.969509	0.872541	0.0635292	16.3592	0.00810011	0.134774
1.39175	-0.968856	0.870211	0.063243	16.2082	0.00810656	0.134917
1.3925	-0.968204	0.867881	0.0629597	16.0594	0.00811301	0.135059
1.39325	-0.967554	0.865551	0.0626791	15.9129	0.00811943	0.135202
1.394	-0.966906	0.863223	0.0624014	15.7685	0.00812584	0.135344
1.39475	-0.966259	0.860898	0.0621265	15.6262	0.00813224	0.135485
1.3955	-0.965614	0.858577	0.0618544	15.4859	0.00813862	0.135626
1.39625	-0.964971	0.856262	0.061585	15.3477	0.00814499	0.135767
1.397	-0.96433	0.853954	0.0613184	15.2115	0.00815135	0.135907
1.39775	-0.96369	0.851655	0.0610545	15.0772	0.00815769	0.136047
1.3985	-0.963052	0.849366	0.0607934	14.9448	0.00816402	0.136187
1.39925	-0.962416	0.847088	0.0605349	14.8143	0.00817034	0.136326
