0.95057269 1.89320388
0.95215859 1.94174757
0.95374449 2.08737864
0.95550661 2.28155340
0.95718062 2.42718447
0.95876652 2.62135922
0.96044053 2.86407767
0.96229075 3.25242718
0.96343612 3.59223301
0.96502203 4.12621359
0.96616740 4.70873786
0.96696035 5.29126214
0.96766520 6.01941748
0.96819383 6.84466019
0.96872247 7.86407767
0.96907489 8.73786408
0.96933921 9.51456311
0.96969163 10.29126214
0.96995595 11.21359223
0.97022026 12.03883495
0.97048458 12.81553398
0.97066079 13.68932039
0.97092511 14.51456311
0.97118943 15.33980583
0.97145374 16.35922330
0.97162996 17.18446602
0.97198238 18.00970874
0.97251101 18.73786408
0.97330396 18.20388350
0.97365639 17.33009709
0.97400881 16.55339806
0.97427313 15.58252427
0.97444934 14.80582524
0.97462555 13.88349515
0.97480176 13.00970874
0.97506608 12.13592233
0.97533040 11.16504854
0.97559471 10.29126214
0.97585903 9.46601942
0.97612335 8.68932039
0.97647577 7.91262136
0.97682819 7.03883495
0.97726872 6.21359223
0.97779736 5.43689320
0.97841410 4.75728155
0.97903084 4.22330097
0.97973568 3.73786408
0.98052863 3.34951456
0.98140969 2.96116505
0.98237885 2.71844660
0.98361233 2.47572816
0.98466960 2.28155340
0.98607930 2.08737864
0.98731278 1.94174757
0.98907489 1.79611650
0.99057269 1.65048544
0.99224670 1.60194175
0.99374449 1.50485437
0.99497797 1.50485437
0.99638767 1.40776699
0.99788546 1.35922330
0.99929515 1.31067961
