0.94	-1.08609	1.41005	0.00425693	0.111055	0.890743	3.12051
0.94025	-1.08574	1.41802	0.00426417	0.111401	0.890246	3.15676
0.9405	-1.08538	1.42609	0.00427143	0.111748	0.889745	3.19371
0.94075	-1.08502	1.43426	0.00427872	0.112098	0.88924	3.23137
0.941	-1.08467	1.44254	0.00428604	0.112449	0.888731	3.26976
0.94125	-1.0843	1.45093	0.00429339	0.112803	0.888217	3.30889
0.9415	-1.08394	1.45942	0.00430076	0.113158	0.887698	3.3488
0.94175	-1.08357	1.46802	0.00430816	0.113515	0.887175	3.3895
0.942	-1.08321	1.47674	0.00431559	0.113874	0.886647	3.43102
0.94225	-1.08284	1.48557	0.00432305	0.114235	0.886115	3.47337
0.9425	-1.08246	1.49452	0.00433054	0.114598	0.885577	3.51659
0.94275	-1.08209	1.50359	0.00433806	0.114963	0.885035	3.56069
0.943	-1.08171	1.51278	0.00434561	0.11533	0.884488	3.60571
0.94325	-1.08133	1.5221	0.00435319	0.115699	0.883936	3.65167
0.9435	-1.08095	1.53155	0.00436079	0.11607	0.883378	3.6986
0.94375	-1.08057	1.54113	0.00436843	0.116444	0.882816	3.74653
0.944	-1.08018	1.55084	0.0043761	0.116819	0.882248	3.79548
0.94425	-1.07979	1.56069	0.0043838	0.117196	0.881674	3.8455
0.9445	-1.0794	1.57069	0.00439153	0.117576	0.881095	3.89661
0.94475	-1.07901	1.58083	0.00439929	0.117958	0.880511	3.94885
0.945	-1.07861	1.59111	0.00440709	0.118342	0.879921	4.00226
0.94525	-1.07821	1.60155	0.00441492	0.118728	0.879324	4.05687
0.9455	-1.07781	1.61215	0.00442278	0.119117	0.878722	4.11272
0.94575	-1.0774	1.62291	0.00443068	0.119508	0.878114	4.16986
0.946	-1.077	1.63383	0.00443861	0.119901	0.8775	4.22832
0.94625	-1.07659	1.64492	0.00444657	0.120297	0.876879	4.28815
0.9465	-1.07617	1.65619	0.00445457	0.120695	0.876252	4.34941
0.94675	-1.07576	1.66763	0.00446261	0.121096	0.875619	4.41212
0.947	-1.07534	1.67926	0.00447069	0.1215	0.874979	4.47636
0.94725	-1.07492	1.69108	0.0044788	0.121906	0.874331	4.54216
0.9475	-1.07449	1.70309	0.00448695	0.122314	0.873677	4.60959
0.94775	-1.07407	1.71531	0.00449514	0.122726	0.873016	4.67871
0.948	-1.07364	1.72773	0.00450338	0.12314	0.872348	4.74957
0.94825	-1.0732	1.74036	0.00451165	0.123557	0.871672	4.82224
0.9485	-1.07277	1.75321	0.00451996	0.123977	0.870989	4.89678
0.94875	-1.07233	1.76628	0.00452832	0.124401	0.870298	4.97327
0.949	-1.07188	1.77958	0.00453673	0.124827	0.869599	5.05177
0.94925	-1.07144	1.79313	0.00454518	0.125256	0.868892	5.13237
0.9495	-1.07099	1.80691	0.00455367	0.125689	0.868177	5.21515
0.94975	-1.07053	1.82095	0.00456221	0.126125	0.867453	5.30018
0.95	-1.07008	1.83524	0.00457081	0.126565	0.866721	5.38757
0.95025	-1.06962	1.8498	0.00457945	0.127008	0.86598	5.4774
0.9505	-1.06915	1.86463	0.00458814	0.127454	0.86523	5.56976
0.95075	-1.06868	1.87975	0.00459689	0.127904	0.86447	5.66478
0.951	-1.06821	1.89515	0.00460568	0.128358	0.863701	5.76255
0.95125	-1.06774	1.91085	0.00461454	0.128816	0.862923	5.86318
0.9515	-1.06726	1.92686	0.00462345	0.129278	0.862135	5.96681
0.95175	-1.06677	1.94318	0.00463242	0.129745	0.861336	6.07357
0.952	-1.06628	1.95983	0.00464145	0.130215	0.860527	6.18358
0.95225	-1.06579	1.97681	0.00465054	0.130689	0.859707	6.297
0.9525	-1.0653	1.99414	0.00465969	0.131168	0.858877	6.41398
0.95275	-1.0648	2.01181	0.00466891	0.131652	0.858035	6.53468
0.953	-1.06429	2.02985	0.00467819	0.13214	0.857182	6.65929
0.95325	-1.06378	2.04827	0.00468755	0.132633	0.856317	6.78798
0.9535	-1.06327	2.06707	0.00469697	0.133131	0.855439	6.92096
0.95375	-1.06275	2.08628	0.00470646	0.133634	0.85455	7.05845
0.954	-1.06222	2.10589	0.00471602	0.134143	0.853647	7.20067
0.95425	-1.06169	2.12592	0.00472566	0.134656	0.852732	7.34788
0.9545	-1.06116	2.1464	0.00473538	0.135175	0.851803	7.50034
0.95475	-1.06062	2.16732	0.00474517	0.1357	0.85086	7.65834
0.955	-1.06008	2.18871	0.00475505	0.13623	0.849903	7.82219
0.95525	-1.05953	2.21059	0.004765	0.136766	0.848931	7.99223
0.9555	-1.05897	2.23297	0.00477505	0.137308	0.847944	8.16882
0.95575	-1.05841	2.25586	0.00478518	0.137856	0.846941	8.35238
0.956	-1.05784	2.2793	0.00479539	0.138411	0.845923	8.54333
0.95625	-1.05727	2.30329	0.0048057	0.138972	0.844888	8.74214
0.9565	-1.05669	2.32787	0.0048161	0.13954	0.843836	8.94935
0.95675	-1.05611	2.35305	0.0048266	0.140115	0.842766	9.16551
0.957	-1.05551	2.37887	0.0048372	0.140697	0.841678	9.39126
0.95725	-1.05492	2.40536	0.00484789	0.141286	0.840572	9.6273
0.9575	-1.05431	2.43254	0.0048587	0.141882	0.839446	9.87437
0.95775	-1.0537	2.46044	0.0048696	0.142486	0.838299	10.1333
0.958	-1.05308	2.48912	0.00488062	0.143098	0.837132	10.4051
0.95825	-1.05246	2.5186	0.00489174	0.143718	0.835944	10.6907
0.9585	-1.05182	2.54894	0.00490299	0.144346	0.834733	10.9913
0.95875	-1.05118	2.58019	0.00491435	0.144983	0.833499	11.3083
0.959	-1.05053	2.61239	0.00492583	0.145629	0.83224	11.6429
0.95925	-1.04987	2.64561	0.00493744	0.146284	0.830957	11.9968
0.9595	-1.04921	2.67991	0.00494918	0.146948	0.829647	12.3719
0.95975	-1.04853	2.71537	0.00496105	0.147622	0.828309	12.7701
0.96	-1.04785	2.75208	0.00497306	0.148306	0.826943	13.1937
0.96025	-1.04716	2.79012	0.00498521	0.149001	0.825547	13.6453
0.9605	-1.04646	2.8296	0.00499751	0.149706	0.824119	14.1277
0.96075	-1.04574	2.87062	0.00500997	0.150422	0.822658	14.6442
0.961	-1.04502	2.91332	0.00502258	0.151151	0.821162	15.1986
0.96125	-1.04429	2.95783	0.00503536	0.151891	0.81963	15.795
0.9615	-1.04354	3.00433	0.00504831	0.152644	0.818058	16.4383
0.96175	-1.04278	3.05298	0.00506144	0.153411	0.816445	17.1339
0.962	-1.04201	3.10399	0.00507476	0.154191	0.814788	17.8881
0.96225	-1.04123	3.1576	0.00508828	0.154986	0.813085	18.7081
0.9625	-1.04044	3.21406	0.00510201	0.155797	0.811331	19.6022
0.96275	-1.03963	3.27366	0.00511595	0.156624	0.809525	20.5798
0.963	-1.0388	3.33676	0.00513013	0.157468	0.80766	21.652
0.96325	-1.03796	3.40373	0.00514455	0.158331	0.805734	22.8314
0.9635	-1.0371	3.47503	0.00515923	0.159213	0.803742	24.1327
0.96375	-1.03622	3.55116	0.00517419	0.160116	0.801676	25.573
0.964	-1.03532	3.63271	0.00518944	0.161042	0.799532	27.1719
0.96425	-1.0344	3.72036	0.00520501	0.161991	0.797302	28.9526
0.9645	-1.03346	3.81491	0.00522092	0.162967	0.794977	30.9419
0.96475	-1.03249	3.91725	0.0052372	0.163971	0.792548	33.1711
0.965	-1.0315	4.02845	0.00525388	0.165006	0.790005	35.6767
0.96525	-1.03048	4.14974	0.005271	0.166074	0.787335	38.5015
0.9655	-1.02942	4.28253	0.00528859	0.167178	0.784523	41.6952
0.96575	-1.02834	4.42848	0.0053067	0.168324	0.781553	45.316
0.966	-1.02721	4.5895	0.00532538	0.169514	0.778407	49.4316
0.96625	-1.02604	4.76781	0.00534469	0.170753	0.775061	54.1209
0.9665	-1.02482	4.96595	0.00536471	0.172048	0.771491	59.4753
0.96675	-1.02355	5.18684	0.00538551	0.173404	0.767668	65.6001
0.967	-1.02223	5.4338	0.00540719	0.174829	0.763556	72.6164
0.96725	-1.02084	5.71058	0.00542983	0.176331	0.759118	80.6622
0.9675	-1.01937	6.02136	0.00545358	0.17792	0.754308	89.8927
0.96775	-1.01782	6.37072	0.00547854	0.179607	0.749074	100.481
0.968	-1.01618	6.7636	0.00550489	0.181403	0.743357	112.617
0.96825	-1.01444	7.20514	0.00553278	0.183322	0.737092	126.502
0.9685	-1.01257	7.7005	0.0055624	0.18538	0.730203	142.345
0.96875	-1.01058	8.25452	0.00559395	0.187591	0.722607	160.354
0.969	-1.00844	8.87129	0.00562766	0.189974	0.714215	180.719
0.96925	-1.00614	9.55354	0.00566374	0.192545	0.704929	203.594
0.9695	-1.00366	10.3019	0.00570244	0.195323	0.694651	229.072
0.96975	-1.00098	11.1138	0.00574396	0.198325	0.683279	257.151
0.97	-0.998097	11.9828	0.00578852	0.201564	0.670717	287.7
0.97025	-0.994988	12.8972	0.00583629	0.205051	0.65688	320.419
0.9705	-0.991646	13.8396	0.00588735	0.208793	0.641701	354.806
0.97075	-0.988068	14.7858	0.00594175	0.212787	0.625143	390.133
0.971	-0.984256	15.706	0.0059994	0.217025	0.607204	425.441
0.97125	-0.98022	16.5648	0.0060601	0.221486	0.58793	459.566
0.9715	-0.975981	17.3242	0.00612352	0.226141	0.567419	491.2
0.97175	-0.971569	17.9463	0.00618917	0.23095	0.545824	518.985
0.972	-0.967023	18.3969	0.00625646	0.235863	0.523355	541.637
0.97225	-0.962388	18.6497	0.00632468	0.240827	0.500266	558.078
0.9725	-0.957716	18.6894	0.00639305	0.245782	0.476847	567.56
0.97275	-0.953061	18.5136	0.00646078	0.250672	0.453403	569.75
0.973	-0.948476	18.1333	0.0065271	0.255442	0.430239	564.762
0.97325	-0.944009	17.5712	0.00659132	0.260046	0.407639	553.128
0.9735	-0.939703	16.8588	0.00665285	0.264447	0.385852	535.725
0.97375	-0.935589	16.0329	0.00671126	0.268617	0.365077	513.655
0.974	-0.931693	15.1317	0.00676624	0.27254	0.345463	488.128
0.97425	-0.928027	14.1911	0.00681761	0.276208	0.327106	460.341
0.9745	-0.924598	13.2429	0.00686535	0.279621	0.310051	431.391
0.97475	-0.921404	12.3129	0.0069095	0.282786	0.294301	402.218
0.975	-0.918438	11.4207	0.00695023	0.285715	0.279826	373.571
0.97525	-0.915689	10.5798	0.00698771	0.288423	0.26657	346.013
0.9755	-0.913143	9.79837	0.00702219	0.290924	0.254458	319.929
0.97575	-0.910785	9.0804	0.00705391	0.293238	0.243409	295.554
0.976	-0.908598	8.4264	0.00708312	0.295381	0.233333	273.002
0.97625	-0.906566	7.83452	0.00711007	0.297369	0.224144	252.298
0.9765	-0.904676	7.30136	0.00713499	0.299217	0.215756	233.397
0.97675	-0.902911	6.82254	0.0071581	0.30094	0.208088	216.215
0.977	-0.90126	6.39329	0.00717959	0.30255	0.201066	200.638
0.97725	-0.899711	6.00869	0.00719963	0.304059	0.194622	186.539
0.9775	-0.898253	5.66399	0.00721839	0.305478	0.188696	173.787
0.97775	-0.896876	5.35472	0.007236	0.306815	0.183233	162.255
0.978	-0.895573	5.07675	0.00725258	0.308078	0.178183	151.819
0.97825	-0.894335	4.82639	0.00726824	0.309274	0.173505	142.365
0.9785	-0.893157	4.60034	0.00728308	0.310411	0.169159	133.79
0.97875	-0.892033	4.39566	0.00729717	0.311493	0.165113	125.997
0.979	-0.890958	4.20981	0.00731059	0.312525	0.161336	118.904
0.97925	-0.889927	4.04054	0.00732341	0.313511	0.157803	112.434
0.9795	-0.888936	3.88593	0.00733567	0.314456	0.15449	106.521
0.97975	-0.887983	3.74428	0.00734742	0.315362	0.151378	101.106
0.98	-0.887063	3.61413	0.00735871	0.316233	0.148448	96.1363
0.98025	-0.886175	3.49421	0.00736959	0.317072	0.145684	91.566
0.9805	-0.885315	3.38342	0.00738007	0.31788	0.143072	87.3547
0.98075	-0.884483	3.2808	0.00739019	0.318661	0.1406	83.4665
0.981	-0.883674	3.18551	0.00739999	0.319415	0.138255	79.8697
0.98125	-0.882889	3.09682	0.00740948	0.320146	0.136029	76.5364
0.9815	-0.882126	3.01409	0.00741868	0.320853	0.133911	73.4416
0.98175	-0.881382	2.93676	0.00742762	0.32154	0.131894	70.5634
0.982	-0.880657	2.86433	0.00743632	0.322207	0.12997	67.8821
0.98225	-0.879949	2.79637	0.00744478	0.322855	0.128133	65.3802
0.9825	-0.879258	2.73247	0.00745303	0.323485	0.126376	63.042
0.98275	-0.878583	2.6723	0.00746108	0.3241	0.124694	60.8535
0.983	-0.877922	2.61554	0.00746894	0.324698	0.123082	58.8022
0.98325	-0.877275	2.56192	0.00747663	0.325282	0.121534	56.8766
0.9835	-0.876641	2.51119	0.00748415	0.325852	0.120048	55.0667
0.98375	-0.876019	2.46312	0.00749151	0.326409	0.11862	53.3631
0.984	-0.875409	2.41751	0.00749872	0.326953	0.117244	51.7576
0.98425	-0.87481	2.37417	0.00750579	0.327486	0.11592	50.2425
0.9845	-0.874222	2.33294	0.00751273	0.328007	0.114642	48.8111
0.98475	-0.873643	2.29367	0.00751955	0.328517	0.113409	47.4571
0.985	-0.873075	2.25622	0.00752624	0.329017	0.112219	46.1747
0.98525	-0.872515	2.22046	0.00753282	0.329507	0.111068	44.9589
0.9855	-0.871964	2.18628	0.0075393	0.329988	0.109955	43.8049
0.98575	-0.871422	2.15357	0.00754566	0.330459	0.108877	42.7083
0.986	-0.870887	2.12223	0.00755193	0.330922	0.107833	41.6652
0.98625	-0.870361	2.09218	0.00755811	0.331377	0.106821	40.672
0.9865	-0.869841	2.06333	0.00756419	0.331823	0.105839	39.7253
0.98675	-0.869329	2.0356	0.00757019	0.332262	0.104886	38.822
0.987	-0.868823	2.00893	0.0075761	0.332693	0.10396	37.9594
0.98725	-0.868324	1.98326	0.00758193	0.333117	0.10306	37.1348
0.9875	-0.867832	1.95851	0.00758769	0.333534	0.102186	36.3459
0.98775	-0.867345	1.93465	0.00759336	0.333944	0.101334	35.5904
0.988	-0.866864	1.91161	0.00759897	0.334347	0.100506	34.8663
0.98825	-0.866389	1.88935	0.0076045	0.334744	0.099699	34.1717
0.9885	-0.865919	1.86783	0.00760996	0.335135	0.0989127	33.5048
0.98875	-0.865455	1.847	0.00761536	0.33552	0.0981461	32.8641
0.989	-0.864996	1.82682	0.00762069	0.335898	0.0973984	32.2481
0.98925	-0.864542	1.80727	0.00762596	0.336271	0.0966688	31.6553
0.9895	-0.864092	1.78831	0.00763116	0.336639	0.0959566	31.0844
0.98975	-0.863647	1.76991	0.0076363	0.337001	0.0952611	30.5344
0.99	-0.863207	1.75203	0.00764139	0.337357	0.0945815	30.0039
0.99025	-0.862771	1.73466	0.00764641	0.337709	0.0939174	29.4921
0.9905	-0.86234	1.71777	0.00765138	0.338055	0.093268	28.9979
0.99075	-0.861912	1.70133	0.00765629	0.338396	0.0926329	28.5204
0.991	-0.861489	1.68533	0.00766115	0.338732	0.0920114	28.0588
0.99125	-0.86107	1.66974	0.00766596	0.339064	0.0914032	27.6122
0.9915	-0.860654	1.65455	0.00767071	0.339391	0.0908077	27.1801
0.99175	-0.860242	1.63973	0.0076754	0.339713	0.0902245	26.7615
0.992	-0.859834	1.62527	0.00768005	0.340031	0.0896531	26.356
0.99225	-0.85943	1.61116	0.00768465	0.340344	0.0890931	25.9629
0.9925	-0.859029	1.59738	0.0076892	0.340653	0.0885442	25.5816
0.99275	-0.858631	1.58391	0.0076937	0.340958	0.088006	25.2116
0.993	-0.858237	1.57075	0.00769815	0.341258	0.0874781	24.8524
0.99325	-0.857846	1.55788	0.00770255	0.341555	0.0869602	24.5035
0.9935	-0.857458	1.54529	0.00770691	0.341847	0.0864519	24.1645
0.99375	-0.857073	1.53297	0.00771122	0.342136	0.0859531	23.8349
0.994	-0.856691	1.52091	0.00771548	0.34242	0.0854633	23.5144
0.99425	-0.856313	1.5091	0.0077197	0.342701	0.0849823	23.2025
0.9945	-0.855937	1.49753	0.00772388	0.342978	0.0845098	22.899
0.99475	-0.855564	1.48619	0.00772802	0.343252	0.0840457	22.6035
0.995	-0.855194	1.47507	0.00773211	0.343522	0.0835895	22.3156
0.99525	-0.854826	1.46417	0.00773616	0.343788	0.0831412	22.0351
0.9955	-0.854461	1.45348	0.00774017	0.344051	0.0827004	21.7617
0.99575	-0.854099	1.44299	0.00774414	0.344311	0.082267	21.4951
0.996	-0.85374	1.43269	0.00774807	0.344567	0.0818408	21.235
0.99625	-0.853383	1.42259	0.00775197	0.34482	0.0814215	20.9813
0.9965	-0.853029	1.41266	0.00775582	0.34507	0.0810089	20.7337
0.99675	-0.852677	1.40291	0.00775964	0.345317	0.080603	20.4919
0.997	-0.852327	1.39334	0.00776341	0.345561	0.0802035	20.2558
0.99725	-0.85198	1.38392	0.00776716	0.345802	0.0798102	20.0252
0.9975	-0.851635	1.37467	0.00777087	0.34604	0.079423	19.7998
0.99775	-0.851293	1.36558	0.00777454	0.346275	0.0790417	19.5795
0.998	-0.850952	1.35664	0.00777818	0.346507	0.0786662	19.3642
0.99825	-0.850614	1.34784	0.00778178	0.346737	0.0782963	19.1536
0.9985	-0.850278	1.33919	0.00778536	0.346964	0.077932	18.9476
0.99875	-0.849945	1.33067	0.0077889	0.347188	0.0775729	18.7461
0.999	-0.849613	1.32229	0.0077924	0.34741	0.0772191	18.5488
0.99925	-0.849284	1.31405	0.00779588	0.347629	0.0768704	18.3558
0.9995	-0.848956	1.30593	0.00779933	0.347846	0.0765267	18.1667
0.99975	-0.848631	1.29793	0.00780275	0.348061	0.0761878	17.9816
1	-0.848307	1.29006	0.00780614	0.348273	0.0758537	17.8003
1.00025	-0.847986	1.2823	0.0078095	0.348483	0.0755243	17.6227
1.0005	-0.847666	1.27466	0.00781284	0.348691	0.0751993	17.4486
1.00075	-0.847348	1.26713	0.00781614	0.348896	0.0748788	17.278
1.001	-0.847032	1.25971	0.00781942	0.3491	0.0745627	17.1107
1.00125	-0.846718	1.25239	0.00782268	0.349301	0.0742508	16.9468
1.0015	-0.846406	1.24518	0.00782591	0.349501	0.073943	16.7859
1.00175	-0.846096	1.23807	0.00782912	0.349698	0.0736393	16.6282
1.002	-0.845787	1.23106	0.0078323	0.349894	0.0733396	16.4735
1.00225	-0.84548	1.22414	0.00783546	0.350087	0.0730437	16.3216
1.0025	-0.845175	1.21732	0.00783859	0.350279	0.0727517	16.1726
1.00275	-0.844872	1.21059	0.00784171	0.350469	0.0724634	16.0264
1.003	-0.84457	1.20395	0.0078448	0.350657	0.0721787	15.8828
1.00325	-0.84427	1.19739	0.00784787	0.350844	0.0718977	15.7419
1.0035	-0.843971	1.19093	0.00785092	0.351029	0.0716201	15.6034
1.00375	-0.843674	1.18454	0.00785395	0.351212	0.071346	15.4675
1.004	-0.843379	1.17824	0.00785696	0.351394	0.0710752	15.3339
1.00425	-0.843085	1.17202	0.00785995	0.351574	0.0708078	15.2027
1.0045	-0.842793	1.16588	0.00786292	0.351753	0.0705435	15.0738
1.00475	-0.842502	1.15982	0.00786588	0.35193	0.0702825	14.9471
1.005	-0.842213	1.15383	0.00786882	0.352106	0.0700246	14.8226
1.00525	-0.841925	1.14791	0.00787174	0.35228	0.0697697	14.7002
1.0055	-0.841639	1.14207	0.00787464	0.352453	0.0695178	14.5799
1.00575	-0.841354	1.13629	0.00787753	0.352625	0.0692689	14.4615
1.006	-0.841071	1.13059	0.0078804	0.352795	0.0690229	14.3452
1.00625	-0.840789	1.12496	0.00788325	0.352965	0.0687797	14.2307
1.0065	-0.840508	1.11939	0.00788609	0.353132	0.0685393	14.1182
1.00675	-0.840229	1.11389	0.00788892	0.353299	0.0683016	14.0075
1.007	-0.839951	1.10845	0.00789173	0.353464	0.0680666	13.8985
1.00725	-0.839675	1.10308	0.00789452	0.353629	0.0678342	13.7913
1.0075	-0.8394	1.09777	0.0078973	0.353792	0.0676045	13.6859
1.00775	-0.839126	1.09252	0.00790007	0.353954	0.0673772	13.582
1.008	-0.838853	1.08734	0.00790283	0.354114	0.0671525	13.4798
1.00825	-0.838582	1.08221	0.00790557	0.354274	0.0669302	13.3793
1.0085	-0.838312	1.07714	0.0079083	0.354433	0.0667104	13.2802
1.00875	-0.838044	1.07213	0.00791102	0.35459	0.0664929	13.1827
1.009	-0.837776	1.06718	0.00791372	0.354747	0.0662777	13.0867
1.00925	-0.83751	1.06228	0.00791641	0.354902	0.0660649	12.9921
1.0095	-0.837245	1.05744	0.00791909	0.355056	0.0658542	12.899
1.00975	-0.836981	1.05265	0.00792176	0.35521	0.0656458	12.8072
1.01	-0.836719	1.04792	0.00792442	0.355362	0.0654396	12.7169
1.01025	-0.836457	1.04323	0.00792707	0.355514	0.0652355	12.6278
1.0105	-0.836197	1.03861	0.0079297	0.355664	0.0650335	12.5401
1.01075	-0.835938	1.03403	0.00793232	0.355814	0.0648336	12.4537
1.011	-0.83568	1.0295	0.00793494	0.355962	0.0646357	12.3685
1.01125	-0.835423	1.02503	0.00793754	0.35611	0.0644398	12.2845
1.0115	-0.835168	1.0206	0.00794013	0.356257	0.0642459	12.2017
1.01175	-0.834913	1.01623	0.00794271	0.356402	0.0640539	12.1202
1.012	-0.83466	1.0119	0.00794529	0.356547	0.0638638	12.0397
1.01225	-0.834407	1.00762	0.00794785	0.356691	0.0636756	11.9604
1.0125	-0.834156	1.00338	0.0079504	0.356834	0.0634892	11.8822
1.01275	-0.833905	0.999197	0.00795294	0.356976	0.0633046	11.8051
1.013	-0.833656	0.995056	0.00795547	0.357117	0.0631218	11.7291
1.01325	-0.833408	0.990961	0.00795799	0.357258	0.0629408	11.6541
1.0135	-0.833161	0.986911	0.0079605	0.357397	0.0627615	11.5801
1.01375	-0.832914	0.982905	0.00796301	0.357536	0.0625839	11.5071
1.014	-0.832669	0.978943	0.0079655	0.357673	0.0624079	11.4351
1.01425	-0.832425	0.975024	0.00796798	0.35781	0.0622336	11.3641
1.0145	-0.832182	0.971148	0.00797045	0.357946	0.0620609	11.294
1.01475	-0.831939	0.967314	0.00797292	0.358081	0.0618898	11.2249
1.015	-0.831698	0.963522	0.00797537	0.358215	0.0617203	11.1566
1.01525	-0.831458	0.959771	0.00797782	0.358348	0.0615523	11.0892
1.0155	-0.831218	0.956061	0.00798025	0.35848	0.0613858	11.0227
1.01575	-0.83098	0.952391	0.00798268	0.358612	0.0612209	10.9571
1.016	-0.830742	0.94876	0.00798509	0.358742	0.0610573	10.8923
1.01625	-0.830505	0.945169	0.0079875	0.358872	0.0608953	10.8283
1.0165	-0.830269	0.941616	0.0079899	0.359001	0.0607346	10.7652
1.01675	-0.830034	0.938101	0.00799229	0.359129	0.0605754	10.7028
1.017	-0.8298	0.934624	0.00799467	0.359256	0.0604175	10.6412
1.01725	-0.829567	0.931184	0.00799704	0.359382	0.0602611	10.5803
1.0175	-0.829335	0.92778	0.0079994	0.359507	0.0601059	10.5202
1.01775	-0.829103	0.924413	0.00800175	0.359632	0.0599521	10.4609
1.018	-0.828872	0.92108	0.00800409	0.359755	0.0597995	10.4022
1.01825	-0.828643	0.917783	0.00800642	0.359878	0.0596482	10.3443
1.0185	-0.828414	0.914521	0.00800875	0.359999	0.0594982	10.2871
1.01875	-0.828185	0.911292	0.00801106	0.36012	0.0593495	10.2305
1.019	-0.827958	0.908098	0.00801336	0.36024	0.0592019	10.1746
1.01925	-0.827731	0.904936	0.00801566	0.360359	0.0590556	10.1194
1.0195	-0.827505	0.901806	0.00801794	0.360477	0.0589105	10.0648
1.01975	-0.82728	0.898709	0.00802022	0.360595	0.0587665	10.0108
1.02	-0.827056	0.895643	0.00802249	0.360711	0.0586237	9.95745
1.02025	-0.826833	0.892608	0.00802474	0.360827	0.058482	9.90471
1.0205	-0.82661	0.889603	0.00802699	0.360941	0.0583414	9.85257
1.02075	-0.826388	0.886629	0.00802923	0.361055	0.0582019	9.80101
1.021	-0.826166	0.883684	0.00803146	0.361168	0.0580635	9.75002
1.02125	-0.825946	0.880768	0.00803368	0.36128	0.0579262	9.6996
1.0215	-0.825726	0.877881	0.00803589	0.361391	0.05779	9.64973
1.02175	-0.825507	0.875021	0.00803809	0.361501	0.0576548	9.60041
1.022	-0.825289	0.872189	0.00804028	0.36161	0.0575206	9.55162
1.02225	-0.825071	0.869385	0.00804246	0.361718	0.0573874	9.50336
1.0225	-0.824854	0.866607	0.00804464	0.361826	0.0572552	9.45561
1.02275	-0.824638	0.863855	0.0080468	0.361932	0.057124	9.40837
1.023	-0.824422	0.861128	0.00804895	0.362038	0.0569938	9.36162
1.02325	-0.824207	0.858427	0.0080511	0.362143	0.0568646	9.31537
1.0235	-0.823993	0.855751	0.00805323	0.362247	0.0567363	9.26959
1.02375	-0.823779	0.853099	0.00805536	0.36235	0.0566089	9.22428
1.024	-0.823566	0.85047	0.00805747	0.362452	0.0564825	9.17944
1.02425	-0.823354	0.847865	0.00805958	0.362553	0.0563569	9.13505
1.0245	-0.823142	0.845283	0.00806167	0.362653	0.0562323	9.09111
1.02475	-0.822931	0.842724	0.00806376	0.362753	0.0561085	9.04761
1.025	-0.822721	0.840187	0.00806584	0.362851	0.0559857	9.00454
1.02525	-0.822511	0.837671	0.00806791	0.362949	0.0558637	8.9619
1.0255	-0.822302	0.835176	0.00806997	0.363046	0.0557425	8.91967
1.02575	-0.822094	0.832703	0.00807202	0.363142	0.0556222	8.87786
1.026	-0.821886	0.830249	0.00807406	0.363237	0.0555027	8.83644
1.02625	-0.821678	0.827816	0.00807609	0.363331	0.0553841	8.79543
1.0265	-0.821472	0.825402	0.00807811	0.363424	0.0552663	8.7548
1.02675	-0.821266	0.823008	0.00808012	0.363517	0.0551492	8.71456
1.027	-0.82106	0.820632	0.00808212	0.363608	0.055033	8.6747
1.02725	-0.820855	0.818275	0.00808412	0.363699	0.0549175	8.63521
1.0275	-0.820651	0.815937	0.0080861	0.363789	0.0548029	8.59608
1.02775	-0.820447	0.813616	0.00808808	0.363878	0.054689	8.55732
1.028	-0.820244	0.811312	0.00809004	0.363966	0.0545758	8.51891
1.02825	-0.820042	0.809025	0.008092	0.364053	0.0544634	8.48084
1.0285	-0.81984	0.806756	0.00809395	0.36414	0.0543518	8.44312
1.02875	-0.819638	0.804503	0.00809589	0.364225	0.0542409	8.40574
1.029	-0.819438	0.802266	0.00809782	0.36431	0.0541307	8.36869
1.02925	-0.819237	0.800044	0.00809974	0.364394	0.0540213	8.33197
1.0295	-0.819038	0.797839	0.00810165	0.364477	0.0539125	8.29557
1.02975	-0.818838	0.795648	0.00810355	0.364559	0.0538045	8.25949
1.03	-0.81864	0.793473	0.00810545	0.36464	0.0536971	8.22373
1.03025	-0.818442	0.791312	0.00810733	0.364721	0.0535905	8.18827
1.0305	-0.818244	0.789166	0.00810921	0.364801	0.0534845	8.15311
1.03075	-0.818047	0.787034	0.00811108	0.364879	0.0533792	8.11826
1.031	-0.817851	0.784916	0.00811294	0.364958	0.0532746	8.0837
1.03125	-0.817655	0.782812	0.00811479	0.365035	0.0531706	8.04943
1.0315	-0.817459	0.780722	0.00811663	0.365111	0.0530673	8.01545
1.03175	-0.817264	0.778644	0.00811847	0.365187	0.0529646	7.98176
1.032	-0.81707	0.77658	0.00812029	0.365262	0.0528626	7.94834
1.03225	-0.816876	0.774528	0.00812211	0.365336	0.0527612	7.91519
1.0325	-0.816683	0.77249	0.00812392	0.365409	0.0526605	7.88232
1.03275	-0.81649	0.770463	0.00812572	0.365482	0.0525604	7.84972
1.033	-0.816297	0.768449	0.00812752	0.365553	0.0524609	7.81738
1.03325	-0.816105	0.766447	0.0081293	0.365624	0.052362	7.7853
1.0335	-0.815914	0.764457	0.00813108	0.365694	0.0522637	7.75348
1.03375	-0.815723	0.762479	0.00813285	0.365764	0.0521661	7.72192
1.034	-0.815533	0.760512	0.00813461	0.365832	0.052069	7.6906
1.03425	-0.815343	0.758557	0.00813636	0.3659	0.0519725	7.65954
1.0345	-0.815154	0.756613	0.00813811	0.365967	0.0518766	7.62871
1.03475	-0.814965	0.75468	0.00813985	0.366034	0.0517813	7.59813
1.035	-0.814776	0.752759	0.00814158	0.366099	0.0516866	7.56779
1.03525	-0.814588	0.750848	0.0081433	0.366164	0.0515924	7.53769
1.0355	-0.814401	0.748948	0.00814502	0.366228	0.0514988	7.50781
1.03575	-0.814214	0.747058	0.00814673	0.366292	0.0514057	7.47817
1.036	-0.814027	0.745179	0.00814843	0.366354	0.0513133	7.44876
1.03625	-0.813841	0.743311	0.00815012	0.366416	0.0512213	7.41957
1.0365	-0.813656	0.741453	0.00815181	0.366478	0.0511299	7.3906
1.03675	-0.813471	0.739605	0.00815349	0.366538	0.0510391	7.36185
1.037	-0.813286	0.737767	0.00815516	0.366598	0.0509488	7.33332
1.03725	-0.813102	0.73594	0.00815683	0.366657	0.050859	7.305
1.0375	-0.812918	0.734122	0.00815849	0.366716	0.0507698	7.27689
1.03775	-0.812735	0.732314	0.00816014	0.366773	0.0506811	7.249
1.038	-0.812552	0.730516	0.00816179	0.36683	0.0505929	7.22131
1.03825	-0.812369	0.728727	0.00816343	0.366887	0.0505052	7.19383
1.0385	-0.812187	0.726948	0.00816506	0.366942	0.050418	7.16655
1.03875	-0.812006	0.725179	0.00816669	0.366997	0.0503313	7.13947
1.039	-0.811825	0.723419	0.00816831	0.367052	0.0502451	7.11259
1.03925	-0.811644	0.721669	0.00816993	0.367105	0.0501595	7.0859
1.0395	-0.811464	0.719927	0.00817153	0.367158	0.0500743	7.05941
1.03975	-0.811284	0.718195	0.00817314	0.367211	0.0499896	7.03312
