0.31	-0.997701	0.160152	0.0759654	128.044	0.0705987	111.276
0.3101	-0.997684	0.161612	0.0759647	128	0.0705546	111.11
0.3102	-0.997668	0.163092	0.0759639	127.956	0.0705101	110.942
0.3103	-0.997652	0.164592	0.0759631	127.913	0.070465	110.773
0.3104	-0.997635	0.166113	0.0759623	127.869	0.0704195	110.603
0.3105	-0.997619	0.167654	0.0759615	127.825	0.0703735	110.432
0.3106	-0.997602	0.169217	0.0759607	127.782	0.0703269	110.259
0.3107	-0.997585	0.170802	0.0759598	127.738	0.0702798	110.085
0.3108	-0.997568	0.172409	0.075959	127.694	0.0702322	109.91
0.3109	-0.99755	0.174039	0.0759581	127.651	0.0701841	109.734
0.311	-0.997533	0.175691	0.0759572	127.607	0.0701354	109.556
0.3111	-0.997515	0.177367	0.0759563	127.563	0.0700862	109.377
0.3112	-0.997497	0.179067	0.0759554	127.52	0.0700364	109.197
0.3113	-0.997479	0.180792	0.0759544	127.476	0.069986	109.016
0.3114	-0.997461	0.182542	0.0759535	127.432	0.0699351	108.833
0.3115	-0.997443	0.184317	0.0759525	127.388	0.0698835	108.649
0.3116	-0.997424	0.186118	0.0759515	127.345	0.0698314	108.463
0.3117	-0.997406	0.187946	0.0759505	127.301	0.0697786	108.276
0.3118	-0.997387	0.189801	0.0759494	127.257	0.0697252	108.087
0.3119	-0.997368	0.191684	0.0759484	127.213	0.0696712	107.897
0.312	-0.997348	0.193595	0.0759473	127.169	0.0696166	107.706
0.3121	-0.997329	0.195535	0.0759462	127.125	0.0695613	107.513
0.3122	-0.997309	0.197504	0.0759451	127.081	0.0695053	107.318
0.3123	-0.997289	0.199503	0.0759439	127.038	0.0694486	107.122
0.3124	-0.997269	0.201534	0.0759428	126.994	0.0693913	106.924
0.3125	-0.997249	0.203596	0.0759416	126.949	0.0693332	106.725
0.3126	-0.997229	0.205689	0.0759404	126.905	0.0692744	106.524
0.3127	-0.997208	0.207816	0.0759391	126.861	0.069215	106.322
0.3128	-0.997187	0.209977	0.0759379	126.817	0.0691547	106.117
0.3129	-0.997166	0.212171	0.0759366	126.773	0.0690937	105.911
0.313	-0.997145	0.214401	0.0759352	126.729	0.0690319	105.704
0.3131	-0.997123	0.216667	0.0759339	126.684	0.0689694	105.494
0.3132	-0.997101	0.218969	0.0759325	126.64	0.068906	105.283
0.3133	-0.997079	0.221309	0.0759311	126.596	0.0688419	105.07
0.3134	-0.997057	0.223688	0.0759296	126.551	0.0687769	104.855
0.3135	-0.997035	0.226106	0.0759282	126.507	0.068711	104.638
0.3136	-0.997012	0.228564	0.0759266	126.462	0.0686443	104.419
0.3137	-0.996989	0.231063	0.0759251	126.418	0.0685768	104.199
0.3138	-0.996966	0.233605	0.0759235	126.373	0.0685083	103.976
0.3139	-0.996942	0.23619	0.0759219	126.328	0.0684389	103.751
0.314	-0.996918	0.238819	0.0759202	126.283	0.0683685	103.525
0.3141	-0.996894	0.241494	0.0759185	126.238	0.0682973	103.296
0.3142	-0.99687	0.244215	0.0759168	126.193	0.068225	103.065
0.3143	-0.996846	0.246984	0.075915	126.148	0.0681518	102.832
0.3144	-0.996821	0.249802	0.0759132	126.103	0.0680775	102.597
0.3145	-0.996796	0.25267	0.0759114	126.058	0.0680022	102.36
0.3146	-0.99677	0.255589	0.0759095	126.013	0.0679259	102.12
0.3147	-0.996744	0.258561	0.0759075	125.967	0.0678484	101.878
0.3148	-0.996718	0.261587	0.0759055	125.922	0.0677699	101.634
0.3149	-0.996692	0.264669	0.0759035	125.876	0.0676903	101.388
0.315	-0.996666	0.267807	0.0759014	125.83	0.0676095	101.139
0.3151	-0.996639	0.271004	0.0758993	125.785	0.0675275	100.887
0.3152	-0.996611	0.274261	0.0758971	125.739	0.0674443	100.633
0.3153	-0.996584	0.27758	0.0758948	125.693	0.0673599	100.377
0.3154	-0.996556	0.280962	0.0758925	125.647	0.0672743	100.118
0.3155	-0.996528	0.284409	0.0758902	125.6	0.0671874	99.8565
0.3156	-0.996499	0.287922	0.0758878	125.554	0.0670991	99.5923
0.3157	-0.99647	0.291505	0.0758853	125.507	0.0670095	99.3254
0.3158	-0.996441	0.295158	0.0758828	125.461	0.0669186	99.0557
0.3159	-0.996411	0.298883	0.0758802	125.414	0.0668262	98.7833
0.316	-0.996381	0.302683	0.0758775	125.367	0.0667324	98.508
0.3161	-0.99635	0.306559	0.0758748	125.32	0.0666371	98.2298
0.3162	-0.99632	0.310515	0.075872	125.273	0.0665403	97.9486
0.3163	-0.996288	0.314551	0.0758691	125.225	0.066442	97.6644
0.3164	-0.996257	0.31867	0.0758662	125.178	0.066342	97.3772
0.3165	-0.996225	0.322875	0.0758632	125.13	0.0662405	97.0869
0.3166	-0.996192	0.327168	0.0758601	125.082	0.0661373	96.7934
0.3167	-0.996159	0.331551	0.0758569	125.034	0.0660324	96.4967
0.3168	-0.996126	0.336028	0.0758536	124.986	0.0659257	96.1967
0.3169	-0.996092	0.3406	0.0758502	124.937	0.0658172	95.8933
0.317	-0.996058	0.34527	0.0758468	124.889	0.0657069	95.5866
0.3171	-0.996023	0.350042	0.0758432	124.84	0.0655947	95.2764
0.3172	-0.995988	0.354917	0.0758396	124.791	0.0654806	94.9627
0.3173	-0.995952	0.359899	0.0758359	124.741	0.0653645	94.6453
0.3174	-0.995916	0.364991	0.075832	124.692	0.0652463	94.3243
0.3175	-0.995879	0.370196	0.0758281	124.642	0.0651261	93.9996
0.3176	-0.995842	0.375517	0.075824	124.592	0.0650037	93.6711
0.3177	-0.995804	0.380956	0.0758198	124.541	0.064879	93.3387
0.3178	-0.995765	0.386518	0.0758155	124.49	0.0647521	93.0024
0.3179	-0.995726	0.392205	0.0758111	124.439	0.0646229	92.662
0.318	-0.995687	0.39802	0.0758065	124.388	0.0644913	92.3176
0.3181	-0.995647	0.403967	0.0758018	124.336	0.0643572	91.969
0.3182	-0.995606	0.410049	0.0757969	124.284	0.0642206	91.6161
0.3183	-0.995565	0.416269	0.0757919	124.232	0.0640814	91.2589
0.3184	-0.995523	0.42263	0.0757868	124.179	0.0639395	90.8973
0.3185	-0.99548	0.429136	0.0757815	124.125	0.0637948	90.5312
0.3186	-0.995437	0.435789	0.075776	124.072	0.0636474	90.1606
0.3187	-0.995393	0.442593	0.0757703	124.017	0.063497	89.7852
0.3188	-0.995348	0.449551	0.0757644	123.963	0.0633437	89.4051
0.3189	-0.995303	0.456666	0.0757584	123.907	0.0631873	89.0202
0.319	-0.995257	0.46394	0.0757521	123.852	0.0630277	88.6303
0.3191	-0.99521	0.471375	0.0757457	123.795	0.0628649	88.2353
0.3192	-0.995163	0.478975	0.075739	123.738	0.0626988	87.8353
0.3193	-0.995115	0.486742	0.0757321	123.681	0.0625292	87.43
0.3194	-0.995066	0.494677	0.0757249	123.623	0.0623562	87.0194
0.3195	-0.995016	0.502783	0.0757175	123.564	0.0621795	86.6033
0.3196	-0.994965	0.51106	0.0757098	123.504	0.0619991	86.1817
0.3197	-0.994913	0.51951	0.0757019	123.444	0.061815	85.7545
0.3198	-0.994861	0.528132	0.0756936	123.382	0.0616269	85.3216
0.3199	-0.994808	0.536929	0.0756851	123.32	0.0614348	84.8828
0.32	-0.994754	0.545898	0.0756762	123.257	0.0612387	84.438
0.3201	-0.994699	0.55504	0.075667	123.193	0.0610383	83.9872
0.3202	-0.994643	0.564353	0.0756574	123.128	0.0608336	83.5302
0.3203	-0.994586	0.573835	0.0756475	123.062	0.0606245	83.067
0.3204	-0.994528	0.583482	0.0756372	122.995	0.0604109	82.5973
0.3205	-0.994469	0.593293	0.0756265	122.927	0.0601927	82.1211
0.3206	-0.994409	0.603262	0.0756153	122.858	0.0599697	81.6383
0.3207	-0.994348	0.613384	0.0756037	122.787	0.0597419	81.1488
0.3208	-0.994287	0.623653	0.0755917	122.715	0.0595092	80.6524
0.3209	-0.994224	0.634062	0.0755792	122.641	0.0592715	80.1491
0.321	-0.99416	0.644604	0.0755662	122.566	0.0590286	79.6387
0.3211	-0.994095	0.655269	0.0755526	122.49	0.0587805	79.1212
0.3212	-0.994029	0.666047	0.0755385	122.412	0.0585272	78.5963
0.3213	-0.993961	0.676927	0.0755239	122.332	0.0582684	78.0641
0.3214	-0.993893	0.687896	0.0755086	122.25	0.0580042	77.5244
0.3215	-0.993824	0.69894	0.0754927	122.167	0.0577344	76.977
0.3216	-0.993753	0.710045	0.0754762	122.082	0.057459	76.422
0.3217	-0.993682	0.721194	0.075459	121.994	0.0571779	75.8592
0.3218	-0.993609	0.73237	0.0754411	121.905	0.0568911	75.2886
0.3219	-0.993535	0.743553	0.0754225	121.813	0.0565985	74.71
0.322	-0.993461	0.754725	0.0754032	121.72	0.0563001	74.1233
0.3221	-0.993384	0.765863	0.0753831	121.623	0.0559958	73.5286
0.3222	-0.993307	0.776946	0.0753621	121.525	0.0556857	72.9257
0.3223	-0.993229	0.787948	0.0753404	121.424	0.0553697	72.3146
0.3224	-0.99315	0.798846	0.0753178	121.32	0.0550478	71.6953
0.3225	-0.993069	0.809614	0.0752943	121.214	0.0547201	71.0677
0.3226	-0.992988	0.820225	0.0752699	121.105	0.0543865	70.4319
0.3227	-0.992905	0.830652	0.0752445	120.994	0.0540472	69.7877
0.3228	-0.992822	0.840866	0.0752182	120.879	0.0537021	69.1353
0.3229	-0.992737	0.850838	0.075191	120.761	0.0533514	68.4746
0.323	-0.992652	0.86054	0.0751627	120.641	0.0529951	67.8058
0.3231	-0.992565	0.869942	0.0751334	120.517	0.0526334	67.1288
0.3232	-0.992478	0.879014	0.075103	120.39	0.0522663	66.4438
0.3233	-0.992389	0.887726	0.0750716	120.26	0.051894	65.7508
0.3234	-0.9923	0.896051	0.0750391	120.127	0.0515167	65.0501
0.3235	-0.99221	0.903959	0.0750055	119.99	0.0511345	64.3417
0.3236	-0.992119	0.911422	0.0749708	119.85	0.0507476	63.6258
0.3237	-0.992028	0.918414	0.0749349	119.707	0.0503562	62.9026
0.3238	-0.991936	0.924909	0.0748979	119.56	0.0499606	62.1724
0.3239	-0.991843	0.930882	0.0748598	119.41	0.0495609	61.4354
0.324	-0.991749	0.936311	0.0748205	119.256	0.0491574	60.6919
0.3241	-0.991656	0.941174	0.07478	119.098	0.0487504	59.9421
0.3242	-0.991561	0.945454	0.0747383	118.938	0.0483401	59.1865
0.3243	-0.991466	0.949132	0.0746955	118.773	0.0479269	58.4253
0.3244	-0.991371	0.952194	0.0746515	118.606	0.047511	57.6589
0.3245	-0.991276	0.954628	0.0746064	118.434	0.0470927	56.8879
0.3246	-0.991181	0.956424	0.0745601	118.26	0.0466724	56.1125
0.3247	-0.991085	0.957576	0.0745127	118.082	0.0462504	55.3333
0.3248	-0.990989	0.958078	0.0744641	117.9	0.045827	54.5507
0.3249	-0.990893	0.95793	0.0744144	117.715	0.0454026	53.7653
0.325	-0.990797	0.957132	0.0743636	117.527	0.0449774	52.9775
0.3251	-0.990702	0.955689	0.0743117	117.336	0.0445519	52.188
0.3252	-0.990606	0.953607	0.0742588	117.142	0.0441264	51.3971
0.3253	-0.990511	0.950896	0.0742048	116.945	0.0437012	50.6056
0.3254	-0.990416	0.947566	0.0741498	116.744	0.0432767	49.814
0.3255	-0.990322	0.943634	0.0740938	116.541	0.0428532	49.0229
0.3256	-0.990227	0.939115	0.0740368	116.335	0.0424311	48.2329
0.3257	-0.990134	0.934028	0.0739789	116.126	0.0420106	47.4445
0.3258	-0.990041	0.928394	0.0739202	115.915	0.0415921	46.6584
0.3259	-0.989948	0.922236	0.0738605	115.701	0.0411759	45.8752
0.326	-0.989856	0.915578	0.0738	115.485	0.0407624	45.0954
0.3261	-0.989765	0.908446	0.0737388	115.267	0.0403517	44.3197
0.3262	-0.989675	0.900866	0.0736767	115.046	0.0399443	43.5485
0.3263	-0.989585	0.892868	0.073614	114.823	0.0395402	42.7825
0.3264	-0.989496	0.88448	0.0735505	114.599	0.0391399	42.0222
0.3265	-0.989408	0.87573	0.0734864	114.373	0.0387435	41.2681
0.3266	-0.989321	0.866649	0.0734217	114.145	0.0383513	40.5208
0.3267	-0.989235	0.857267	0.0733564	113.915	0.0379635	39.7806
0.3268	-0.989149	0.847614	0.0732906	113.684	0.0375802	39.0482
0.3269	-0.989065	0.837719	0.0732242	113.452	0.0372017	38.3238
0.327	-0.988982	0.827612	0.0731574	113.219	0.0368281	37.608
0.3271	-0.9889	0.817322	0.0730902	112.984	0.0364596	36.9011
0.3272	-0.988818	0.806877	0.0730226	112.748	0.0360963	36.2034
0.3273	-0.988738	0.796304	0.0729546	112.512	0.0357384	35.5153
0.3274	-0.988659	0.785631	0.0728862	112.275	0.0353858	34.8372
0.3275	-0.988581	0.774881	0.0728176	112.037	0.0350388	34.1692
0.3276	-0.988504	0.764081	0.0727487	111.798	0.0346974	33.5116
0.3277	-0.988428	0.753254	0.0726796	111.559	0.0343617	32.8646
0.3278	-0.988354	0.742421	0.0726103	111.32	0.0340316	32.2285
0.3279	-0.98828	0.731603	0.0725408	111.08	0.0337074	31.6033
0.328	-0.988207	0.720821	0.0724711	110.841	0.0333889	30.9893
0.3281	-0.988136	0.710091	0.0724014	110.601	0.0330763	30.3865
0.3282	-0.988065	0.699433	0.0723315	110.361	0.0327694	29.795
0.3283	-0.987996	0.688861	0.0722615	110.121	0.0324683	29.2148
0.3284	-0.987927	0.678389	0.0721915	109.881	0.0321731	28.6461
0.3285	-0.98786	0.668032	0.0721215	109.641	0.0318836	28.0888
0.3286	-0.987794	0.657801	0.0720514	109.401	0.0315998	27.5429
0.3287	-0.987729	0.647707	0.0719814	109.162	0.0313217	27.0084
0.3288	-0.987664	0.63776	0.0719114	108.923	0.0310493	26.4852
0.3289	-0.987601	0.627968	0.0718414	108.684	0.0307824	25.9733
0.329	-0.987539	0.61834	0.0717714	108.446	0.0305211	25.4725
0.3291	-0.987477	0.608881	0.0717016	108.208	0.0302653	24.9829
0.3292	-0.987417	0.599597	0.0716318	107.971	0.0300148	24.5043
0.3293	-0.987357	0.590493	0.0715621	107.734	0.0297697	24.0366
0.3294	-0.987299	0.581572	0.0714925	107.498	0.0295299	23.5796
0.3295	-0.987241	0.572839	0.071423	107.262	0.0292952	23.1333
0.3296	-0.987184	0.564295	0.0713537	107.027	0.0290657	22.6974
0.3297	-0.987128	0.555942	0.0712845	106.793	0.0288411	22.2717
0.3298	-0.987073	0.54778	0.0712154	106.559	0.0286214	21.8563
0.3299	-0.987019	0.539811	0.0711465	106.326	0.0284066	21.4508
0.33	-0.986965	0.532035	0.0710777	106.094	0.0281965	21.055
0.3301	-0.986912	0.52445	0.0710091	105.862	0.0279911	20.6689
0.3302	-0.98686	0.517056	0.0709406	105.632	0.0277903	20.2923
0.3303	-0.986809	0.509851	0.0708724	105.401	0.0275939	19.9248
0.3304	-0.986758	0.502834	0.0708043	105.172	0.0274018	19.5664
0.3305	-0.986708	0.496003	0.0707363	104.944	0.0272141	19.2169
0.3306	-0.986659	0.489354	0.0706686	104.716	0.0270306	18.876
0.3307	-0.98661	0.482887	0.070601	104.489	0.0268511	18.5436
0.3308	-0.986562	0.476597	0.0705336	104.262	0.0266757	18.2195
0.3309	-0.986515	0.470483	0.0704663	104.037	0.0265041	17.9035
0.331	-0.986468	0.464539	0.0703993	103.812	0.0263364	17.5953
0.3311	-0.986422	0.458764	0.0703325	103.588	0.0261725	17.2949
0.3312	-0.986377	0.453155	0.0702658	103.365	0.0260122	17.002
0.3313	-0.986332	0.447707	0.0701993	103.142	0.0258554	16.7165
0.3314	-0.986287	0.442416	0.070133	102.921	0.0257022	16.4381
0.3315	-0.986243	0.43728	0.0700669	102.7	0.0255523	16.1666
0.3316	-0.9862	0.432295	0.070001	102.48	0.0254058	15.902
0.3317	-0.986157	0.427457	0.0699352	102.26	0.0252625	15.644
0.3318	-0.986114	0.422762	0.0698696	102.042	0.0251223	15.3924
0.3319	-0.986072	0.418206	0.0698042	101.824	0.0249852	15.1471
0.332	-0.98603	0.413787	0.069739	101.607	0.0248512	14.9079
0.3321	-0.985989	0.409501	0.069674	101.39	0.02472	14.6747
0.3322	-0.985948	0.405343	0.0696091	101.175	0.0245917	14.4472
0.3323	-0.985908	0.401311	0.0695444	100.96	0.0244662	14.2254
0.3324	-0.985868	0.3974	0.0694799	100.746	0.0243434	14.009
0.3325	-0.985829	0.393608	0.0694156	100.532	0.0242233	13.798
0.3326	-0.98579	0.389931	0.0693514	100.32	0.0241057	13.5922
0.3327	-0.985751	0.386365	0.0692874	100.107	0.0239907	13.3914
0.3328	-0.985712	0.382908	0.0692236	99.8961	0.0238781	13.1955
0.3329	-0.985674	0.379556	0.0691599	99.6855	0.0237679	13.0044
0.333	-0.985636	0.376306	0.0690964	99.4755	0.02366	12.8179
0.3331	-0.985599	0.373155	0.069033	99.2662	0.0235544	12.636
0.3332	-0.985562	0.3701	0.0689698	99.0576	0.023451	12.4584
0.3333	-0.985525	0.367139	0.0689068	98.8497	0.0233498	12.2851
0.3334	-0.985488	0.364267	0.0688439	98.6424	0.0232506	12.1159
0.3335	-0.985452	0.361484	0.0687811	98.4358	0.0231536	11.9507
0.3336	-0.985416	0.358785	0.0687185	98.2298	0.0230585	11.7895
0.3337	-0.98538	0.356168	0.0686561	98.0244	0.0229654	11.6321
0.3338	-0.985345	0.353632	0.0685938	97.8197	0.0228741	11.4784
0.3339	-0.985309	0.351172	0.0685316	97.6157	0.0227848	11.3283
0.334	-0.985274	0.348787	0.0684696	97.4122	0.0226972	11.1817
0.3341	-0.98524	0.346475	0.0684077	97.2094	0.0226114	11.0385
0.3342	-0.985205	0.344233	0.068346	97.0071	0.0225273	10.8986
0.3343	-0.985171	0.34206	0.0682844	96.8055	0.0224449	10.7619
0.3344	-0.985137	0.339952	0.0682229	96.6045	0.0223642	10.6284
0.3345	-0.985103	0.337908	0.0681616	96.4041	0.022285	10.4979
0.3346	-0.985069	0.335927	0.0681004	96.2042	0.0222074	10.3704
0.3347	-0.985036	0.334005	0.0680394	96.005	0.0221313	10.2457
0.3348	-0.985002	0.332142	0.0679784	95.8063	0.0220567	10.1239
0.3349	-0.984969	0.330335	0.0679176	95.6082	0.0219835	10.0048
0.335	-0.984936	0.328583	0.0678569	95.4107	0.0219118	9.88833
0.3351	-0.984904	0.326883	0.0677964	95.2137	0.0218414	9.77446
0.3352	-0.984871	0.325235	0.0677359	95.0173	0.0217724	9.66309
0.3353	-0.984838	0.323638	0.0676756	94.8215	0.0217046	9.55418
0.3354	-0.984806	0.322088	0.0676154	94.6262	0.0216382	9.44764
0.3355	-0.984774	0.320584	0.0675553	94.4315	0.021573	9.34341
0.3356	-0.984742	0.319127	0.0674954	94.2373	0.021509	9.24145
0.3357	-0.98471	0.317713	0.0674355	94.0437	0.0214462	9.14167
0.3358	-0.984679	0.316342	0.0673758	93.8506	0.0213846	9.04403
0.3359	-0.984647	0.315012	0.0673162	93.658	0.0213241	8.94847
0.336	-0.984616	0.313723	0.0672567	93.466	0.0212648	8.85494
0.3361	-0.984584	0.312472	0.0671973	93.2745	0.0212065	8.76337
0.3362	-0.984553	0.311259	0.067138	93.0835	0.0211493	8.67373
0.3363	-0.984522	0.310082	0.0670789	92.893	0.0210931	8.58596
0.3364	-0.984491	0.308942	0.0670198	92.7031	0.0210379	8.50001
0.3365	-0.98446	0.307835	0.0669609	92.5136	0.0209837	8.41584
0.3366	-0.984429	0.306762	0.066902	92.3247	0.0209304	8.33339
0.3367	-0.984399	0.305722	0.0668433	92.1363	0.0208782	8.25263
0.3368	-0.984368	0.304713	0.0667847	91.9484	0.0208268	8.17351
0.3369	-0.984338	0.303734	0.0667262	91.761	0.0207763	8.09599
0.337	-0.984308	0.302786	0.0666678	91.5741	0.0207267	8.02003
0.3371	-0.984277	0.301866	0.0666094	91.3877	0.020678	7.94559
0.3372	-0.984247	0.300974	0.0665512	91.2018	0.0206301	7.87263
0.3373	-0.984217	0.300109	0.0664931	91.0164	0.020583	7.80112
0.3374	-0.984187	0.299271	0.0664351	90.8315	0.0205368	7.73101
0.3375	-0.984157	0.298458	0.0663772	90.6471	0.0204913	7.66228
0.3376	-0.984127	0.29767	0.0663194	90.4631	0.0204466	7.59489
0.3377	-0.984098	0.296906	0.0662617	90.2797	0.0204027	7.52881
0.3378	-0.984068	0.296166	0.0662041	90.0967	0.0203595	7.46399
0.3379	-0.984039	0.295449	0.0661466	89.9142	0.020317	7.40043
0.338	-0.984009	0.294754	0.0660892	89.7322	0.0202752	7.33807
0.3381	-0.98398	0.29408	0.0660318	89.5506	0.0202341	7.2769
0.3382	-0.98395	0.293427	0.0659746	89.3695	0.0201937	7.21688
0.3383	-0.983921	0.292795	0.0659175	89.1889	0.0201539	7.15799
0.3384	-0.983892	0.292183	0.0658605	89.0088	0.0201148	7.1002
0.3385	-0.983862	0.291589	0.0658035	88.8291	0.0200763	7.04348
0.3386	-0.983833	0.291015	0.0657467	88.6499	0.0200385	6.98782
0.3387	-0.983804	0.290458	0.06569	88.4711	0.0200012	6.93317
0.3388	-0.983775	0.28992	0.0656333	88.2928	0.0199646	6.87952
0.3389	-0.983746	0.289398	0.0655768	88.115	0.0199285	6.82685
0.339	-0.983717	0.288894	0.0655203	87.9376	0.019893	6.77513
0.3391	-0.983688	0.288405	0.0654639	87.7607	0.0198581	6.72435
0.3392	-0.98366	0.287932	0.0654076	87.5842	0.0198237	6.67447
0.3393	-0.983631	0.287475	0.0653514	87.4082	0.0197898	6.62548
0.3394	-0.983602	0.287033	0.0652953	87.2326	0.0197565	6.57735
0.3395	-0.983573	0.286605	0.0652393	87.0574	0.0197237	6.53008
0.3396	-0.983545	0.286192	0.0651834	86.8827	0.0196914	6.48363
0.3397	-0.983516	0.285792	0.0651276	86.7085	0.0196596	6.43799
0.3398	-0.983488	0.285406	0.0650718	86.5346	0.0196283	6.39314
0.3399	-0.983459	0.285033	0.0650162	86.3612	0.0195974	6.34907
0.34	-0.983431	0.284672	0.0649606	86.1883	0.019567	6.30575
0.3401	-0.983402	0.284324	0.0649051	86.0158	0.0195371	6.26317
0.3402	-0.983374	0.283988	0.0648497	85.8437	0.0195076	6.22131
0.3403	-0.983345	0.283663	0.0647944	85.672	0.0194785	6.18016
0.3404	-0.983317	0.28335	0.0647392	85.5008	0.0194499	6.1397
0.3405	-0.983289	0.283048	0.0646841	85.33	0.0194217	6.09991
0.3406	-0.98326	0.282757	0.0646291	85.1596	0.019394	6.06079
0.3407	-0.983232	0.282477	0.0645741	84.9896	0.0193666	6.02231
0.3408	-0.983204	0.282206	0.0645192	84.82	0.0193396	5.98447
0.3409	-0.983176	0.281946	0.0644644	84.6509	0.019313	5.94724
0.341	-0.983148	0.281695	0.0644097	84.4822	0.0192868	5.91062
0.3411	-0.983119	0.281454	0.0643551	84.3138	0.019261	5.87459
0.3412	-0.983091	0.281222	0.0643006	84.1459	0.0192356	5.83915
0.3413	-0.983063	0.280998	0.0642461	83.9784	0.0192105	5.80427
0.3414	-0.983035	0.280784	0.0641918	83.8114	0.0191857	5.76994
0.3415	-0.983007	0.280578	0.0641375	83.6447	0.0191613	5.73616
0.3416	-0.982979	0.28038	0.0640833	83.4784	0.0191373	5.70291
0.3417	-0.982951	0.280191	0.0640292	83.3125	0.0191136	5.67018
0.3418	-0.982923	0.280009	0.0639751	83.147	0.0190902	5.63797
0.3419	-0.982895	0.279835	0.0639212	82.9819	0.0190672	5.60625
0.342	-0.982867	0.279668	0.0638673	82.8172	0.0190444	5.57502
0.3421	-0.982839	0.279508	0.0638135	82.653	0.019022	5.54427
0.3422	-0.982811	0.279356	0.0637598	82.4891	0.0189999	5.514
0.3423	-0.982783	0.27921	0.0637062	82.3255	0.0189781	5.48418
0.3424	-0.982755	0.279071	0.0636526	82.1624	0.0189566	5.45481
0.3425	-0.982727	0.278939	0.0635991	81.9997	0.0189353	5.42589
0.3426	-0.982699	0.278813	0.0635458	81.8373	0.0189144	5.3974
0.3427	-0.982672	0.278693	0.0634924	81.6754	0.0188937	5.36933
0.3428	-0.982644	0.278579	0.0634392	81.5138	0.0188734	5.34168
0.3429	-0.982616	0.278471	0.0633861	81.3526	0.0188532	5.31443
0.343	-0.982588	0.278369	0.063333	81.1917	0.0188334	5.28759
0.3431	-0.98256	0.278272	0.06328	81.0313	0.0188138	5.26114
0.3432	-0.982532	0.27818	0.0632271	80.8712	0.0187945	5.23507
0.3433	-0.982505	0.278094	0.0631743	80.7115	0.0187754	5.20938
0.3434	-0.982477	0.278013	0.0631215	80.5522	0.0187566	5.18406
0.3435	-0.982449	0.277937	0.0630688	80.3932	0.018738	5.1591
0.3436	-0.982421	0.277866	0.0630162	80.2346	0.0187197	5.13449
0.3437	-0.982393	0.2778	0.0629637	80.0764	0.0187016	5.11024
0.3438	-0.982366	0.277738	0.0629113	79.9186	0.0186837	5.08633
0.3439	-0.982338	0.277681	0.0628589	79.7611	0.0186661	5.06275
0.344	-0.98231	0.277628	0.0628066	79.6039	0.0186486	5.0395
0.3441	-0.982282	0.27758	0.0627544	79.4472	0.0186315	5.01657
0.3442	-0.982255	0.277536	0.0627023	79.2908	0.0186145	4.99397
0.3443	-0.982227	0.277496	0.0626502	79.1347	0.0185977	4.97167
0.3444	-0.982199	0.27746	0.0625982	78.9791	0.0185812	4.94968
0.3445	-0.982171	0.277427	0.0625463	78.8237	0.0185648	4.92799
0.3446	-0.982144	0.277399	0.0624945	78.6688	0.0185487	4.90659
0.3447	-0.982116	0.277374	0.0624427	78.5141	0.0185327	4.88548
0.3448	-0.982088	0.277353	0.062391	78.3599	0.018517	4.86466
0.3449	-0.98206	0.277335	0.0623394	78.206	0.0185014	4.84411
0.345	-0.982033	0.277321	0.0622879	78.0524	0.018486	4.82384
0.3451	-0.982005	0.27731	0.0622365	77.8992	0.0184709	4.80384
0.3452	-0.981977	0.277303	0.0621851	77.7463	0.0184559	4.7841
0.3453	-0.981949	0.277299	0.0621338	77.5938	0.0184411	4.76462
0.3454	-0.981922	0.277298	0.0620826	77.4417	0.0184264	4.74539
0.3455	-0.981894	0.277299	0.0620314	77.2898	0.018412	4.72642
0.3456	-0.981866	0.277304	0.0619803	77.1384	0.0183977	4.70769
0.3457	-0.981838	0.277312	0.0619293	76.9872	0.0183836	4.6892
0.3458	-0.981811	0.277323	0.0618784	76.8365	0.0183696	4.67096
0.3459	-0.981783	0.277336	0.0618276	76.686	0.0183558	4.65294
0.346	-0.981755	0.277352	0.0617768	76.5359	0.0183422	4.63515
0.3461	-0.981728	0.277371	0.0617261	76.3861	0.0183288	4.61759
0.3462	-0.9817	0.277393	0.0616755	76.2367	0.0183155	4.60025
0.3463	-0.981672	0.277417	0.0616249	76.0876	0.0183023	4.58313
0.3464	-0.981644	0.277444	0.0615744	75.9389	0.0182893	4.56622
0.3465	-0.981617	0.277473	0.061524	75.7904	0.0182765	4.54953
0.3466	-0.981589	0.277505	0.0614737	75.6424	0.0182638	4.53304
0.3467	-0.981561	0.277539	0.0614235	75.4946	0.0182512	4.51675
0.3468	-0.981533	0.277575	0.0613733	75.3472	0.0182388	4.50067
0.3469	-0.981506	0.277614	0.0613232	75.2001	0.0182266	4.48478
0.347	-0.981478	0.277655	0.0612731	75.0534	0.0182144	4.46908
0.3471	-0.98145	0.277698	0.0612232	74.907	0.0182025	4.45358
0.3472	-0.981422	0.277743	0.0611733	74.7609	0.0181906	4.43826
0.3473	-0.981394	0.277791	0.0611235	74.6151	0.0181789	4.42313
0.3474	-0.981367	0.27784	0.0610738	74.4697	0.0181673	4.40818
0.3475	-0.981339	0.277892	0.0610241	74.3246	0.0181558	4.39341
0.3476	-0.981311	0.277946	0.0609745	74.1798	0.0181445	4.37881
0.3477	-0.981283	0.278002	0.060925	74.0353	0.0181333	4.36439
0.3478	-0.981256	0.278059	0.0608755	73.8912	0.0181222	4.35013
0.3479	-0.981228	0.278119	0.0608262	73.7474	0.0181112	4.33605
0.348	-0.9812	0.278181	0.0607769	73.6039	0.0181004	4.32213
0.3481	-0.981172	0.278245	0.0607276	73.4608	0.0180897	4.30837
0.3482	-0.981144	0.27831	0.0606785	73.3179	0.0180791	4.29477
0.3483	-0.981116	0.278378	0.0606294	73.1754	0.0180686	4.28133
0.3484	-0.981089	0.278447	0.0605804	73.0332	0.0180582	4.26804
0.3485	-0.981061	0.278519	0.0605314	72.8913	0.0180479	4.25491
0.3486	-0.981033	0.278592	0.0604826	72.7498	0.0180378	4.24192
0.3487	-0.981005	0.278667	0.0604338	72.6085	0.0180277	4.22909
0.3488	-0.980977	0.278743	0.060385	72.4676	0.0180177	4.2164
0.3489	-0.980949	0.278822	0.0603364	72.327	0.0180079	4.20385
0.349	-0.980921	0.278902	0.0602878	72.1867	0.0179982	4.19144
0.3491	-0.980893	0.278985	0.0602393	72.0467	0.0179885	4.17918
0.3492	-0.980866	0.279068	0.0601908	71.9071	0.017979	4.16704
0.3493	-0.980838	0.279154	0.0601425	71.7677	0.0179695	4.15505
0.3494	-0.98081	0.279241	0.0600942	71.6287	0.0179602	4.14319
0.3495	-0.980782	0.27933	0.0600459	71.4899	0.0179509	4.13145
0.3496	-0.980754	0.279421	0.0599978	71.3515	0.0179418	4.11985
0.3497	-0.980726	0.279513	0.0599497	71.2134	0.0179327	4.10837
0.3498	-0.980698	0.279607	0.0599016	71.0755	0.0179237	4.09702
0.3499	-0.98067	0.279703	0.0598537	70.938	0.0179149	4.08579
