0.95048458 1.89320388
0.95207048 1.99029126
0.95330396 2.13592233
0.95471366 2.23300971
0.95594714 2.37864078
0.95735683 2.57281553
0.95859031 2.81553398
0.95964758 3.05825243
0.96096916 3.34951456
0.96202643 3.59223301
0.96308370 3.98058252
0.96422907 4.36893204
0.96511013 4.75728155
0.96590308 5.14563107
0.96660793 5.58252427
0.96731278 5.97087379
0.96810573 6.45631068
0.96889868 6.94174757
0.96969163 7.42718447
0.97048458 7.86407767
0.97118943 8.30097087
0.97215859 8.64077670
0.97303965 9.02912621
0.97392070 9.17475728
0.97497797 9.12621359
0.97594714 8.93203883
0.97674009 8.68932039
0.97753304 8.25242718
0.97814978 7.91262136
0.97894273 7.47572816
0.97955947 7.03883495
0.98026432 6.65048544
0.98096916 6.16504854
0.98158590 5.77669903
0.98229075 5.38834951
0.98299559 5.00000000
0.98370044 4.61165049
0.98449339 4.22330097
0.98528634 3.93203883
0.98599119 3.68932039
0.98687225 3.34951456
0.98792952 3.05825243
0.98889868 2.81553398
0.98986784 2.62135922
0.99083700 2.37864078
0.99171806 2.28155340
0.99277533 2.13592233
0.99383260 1.99029126
0.99506608 1.89320388
0.99612335 1.79611650
0.99718062 1.69902913
0.99841410 1.60194175
0.99947137 1.55339806
