1.15198238 0.77500000
1.15770925 0.80555556
1.16343612 0.84166667
1.16916300 0.88055556
1.17488987 0.91388889
1.18149780 0.95833333
1.18678414 1.00277778
1.19295154 1.05277778
1.19823789 1.09722222
1.20264317 1.14166667
1.20660793 1.18611111
1.21101322 1.23888889
1.21497797 1.28611111
1.21850220 1.33611111
1.22202643 1.39166667
1.22555066 1.44444444
1.22907489 1.50833333
1.23303965 1.57500000
1.23524229 1.63333333
1.23788546 1.67500000
1.23964758 1.71666667
1.24185022 1.75833333
1.24361233 1.80000000
1.24625551 1.85000000
1.24801762 1.89722222
1.25110132 1.94722222
1.25330396 1.99166667
1.25638767 2.03611111
1.25991189 2.07777778
1.26431718 2.09444444
1.26872247 2.08055556
1.27180617 2.05555556
1.27577093 2.00833333
1.27797357 1.96388889
1.28061674 1.91666667
1.28281938 1.87222222
1.28546256 1.82222222
1.28766520 1.77777778
1.29030837 1.72500000
1.29162996 1.68611111
1.29427313 1.63888889
1.29691630 1.58611111
1.29911894 1.53611111
1.30176211 1.49166667
1.30440529 1.44444444
1.30748899 1.39722222
1.31101322 1.35000000
1.31497797 1.30555556
1.31850220 1.26388889
1.32246696 1.21666667
1.32731278 1.18333333
1.33303965 1.13888889
1.33788546 1.10000000
1.34317181 1.06388889
1.34933921 1.03055556
1.35462555 1.00833333
1.36123348 0.97500000
1.36784141 0.95555556
1.37356828 0.92500000
1.38149780 0.90555556
1.38766520 0.88055556
1.39383260 0.85833333
1.39911894 0.84722222
