1.15110132 0.77500000
1.15682819 0.80555556
1.16211454 0.83611111
1.16784141 0.86944444
1.17488987 0.91111111
1.18061674 0.95277778
1.18546256 0.99166667
1.19162996 1.04444444
1.19735683 1.09444444
1.20264317 1.14444444
1.20660793 1.18055556
1.21057269 1.22777778
1.21409692 1.27222222
1.21806167 1.32222222
1.22114537 1.37777778
1.22378855 1.43333333
1.22731278 1.48333333
1.23039648 1.54722222
1.23303965 1.60277778
1.23568282 1.66111111
1.23832599 1.72500000
1.24052863 1.79444444
1.24273128 1.84444444
1.24449339 1.91388889
1.24537445 1.96111111
1.24757709 2.01944444
1.24933921 2.08888889
1.25110132 2.13888889
1.25242291 2.18888889
1.25462555 2.25000000
1.25682819 2.28888889
1.25903084 2.31388889
1.26255507 2.31666667
1.26607930 2.28888889
1.26740088 2.25555556
1.26828194 2.21944444
1.26916300 2.18055556
1.27092511 2.14444444
1.27224670 2.09444444
1.27356828 2.05000000
1.27488987 2.00277778
1.27621145 1.95277778
1.27797357 1.90277778
1.27929515 1.85000000
1.28105727 1.80000000
1.28281938 1.75000000
1.28414097 1.70555556
1.28634361 1.65277778
1.28898678 1.59722222
1.29118943 1.54722222
1.29427313 1.49166667
1.29779736 1.42500000
1.30132159 1.36666667
1.30572687 1.31944444
1.31057269 1.27222222
1.31541850 1.22500000
1.32070485 1.18333333
1.32599119 1.15277778
1.33171806 1.11111111
1.33920705 1.06944444
1.34669604 1.03333333
1.35594714 0.99722222
1.36299559 0.96666667
1.36960352 0.94166667
1.37753304 0.91666667
1.38590308 0.88611111
1.39471366 0.86111111
