0.95039648 1.79611650
0.95154185 1.94174757
0.95268722 1.99029126
0.95418502 2.13592233
0.95541850 2.23300971
0.95665198 2.33009709
0.95806167 2.47572816
0.95947137 2.66990291
0.96070485 2.86407767
0.96193833 3.15533981
0.96281938 3.39805825
0.96387665 3.73786408
0.96484581 4.17475728
0.96563877 4.66019417
0.96651982 5.29126214
0.96713656 5.92233010
0.96775330 6.60194175
0.96828194 7.28155340
0.96872247 7.96116505
0.96907489 8.64077670
0.96960352 9.56310680
0.96995595 10.33980583
0.97030837 11.01941748
0.97066079 11.74757282
0.97101322 12.52427184
0.97136564 13.15533981
0.97180617 13.78640777
0.97215859 14.36893204
0.97277533 14.80582524
0.97339207 14.75728155
0.97383260 14.41747573
0.97418502 14.02912621
0.97453744 13.54368932
0.97488987 12.96116505
0.97515419 12.47572816
0.97550661 11.84466019
0.97577093 11.21359223
0.97603524 10.58252427
0.97629956 9.95145631
0.97665198 9.17475728
0.97700441 8.49514563
0.97735683 7.71844660
0.97779736 6.99029126
0.97832599 6.26213592
0.97894273 5.58252427
0.97964758 4.90291262
0.98052863 4.22330097
0.98149780 3.64077670
0.98255507 3.15533981
0.98370044 2.76699029
0.98493392 2.47572816
0.98625551 2.28155340
0.98766520 2.08737864
0.98889868 1.94174757
0.99030837 1.79611650
0.99171806 1.69902913
0.99321586 1.60194175
0.99462555 1.50485437
0.99603524 1.45631068
0.99735683 1.40776699
0.99885463 1.35922330
0.99991189 1.35922330
