0.31	-0.998117	0.117732	0.0796743	116.399	0.0756724	105.456
0.310125	-0.998102	0.118841	0.079673	116.347	0.075636	105.316
0.31025	-0.998087	0.119964	0.0796716	116.295	0.0755993	105.174
0.310375	-0.998072	0.121101	0.0796702	116.242	0.0755621	105.032
0.3105	-0.998057	0.122253	0.0796688	116.19	0.0755245	104.889
0.310625	-0.998041	0.123421	0.0796673	116.138	0.0754865	104.745
0.31075	-0.998026	0.124603	0.0796658	116.086	0.0754481	104.6
0.310875	-0.99801	0.125801	0.0796643	116.034	0.0754092	104.455
0.311	-0.997994	0.127015	0.0796628	115.982	0.0753699	104.308
0.311125	-0.997979	0.128246	0.0796613	115.93	0.0753302	104.16
0.31125	-0.997962	0.129492	0.0796597	115.877	0.0752899	104.012
0.311375	-0.997946	0.130756	0.0796581	115.825	0.0752493	103.862
0.3115	-0.99793	0.132036	0.0796565	115.773	0.0752081	103.712
0.311625	-0.997913	0.133334	0.0796548	115.721	0.0751665	103.56
0.31175	-0.997896	0.13465	0.0796532	115.669	0.0751244	103.408
0.311875	-0.997879	0.135984	0.0796515	115.616	0.0750818	103.254
0.312	-0.997862	0.137336	0.0796497	115.564	0.0750387	103.1
0.312125	-0.997845	0.138707	0.079648	115.512	0.0749951	102.944
0.31225	-0.997828	0.140098	0.0796462	115.46	0.074951	102.787
0.312375	-0.99781	0.141508	0.0796444	115.407	0.0749064	102.63
0.3125	-0.997792	0.142937	0.0796426	115.355	0.0748612	102.471
0.312625	-0.997774	0.144388	0.0796407	115.303	0.0748155	102.311
0.31275	-0.997756	0.145858	0.0796388	115.25	0.0747692	102.15
0.312875	-0.997738	0.14735	0.0796369	115.198	0.0747224	101.987
0.313	-0.997719	0.148864	0.079635	115.146	0.074675	101.824
0.313125	-0.997701	0.1504	0.079633	115.093	0.074627	101.659
0.31325	-0.997682	0.151958	0.079631	115.041	0.0745785	101.494
0.313375	-0.997663	0.153539	0.079629	114.988	0.0745293	101.327
0.3135	-0.997643	0.155143	0.0796269	114.936	0.0744795	101.158
0.313625	-0.997624	0.156772	0.0796248	114.883	0.0744292	100.989
0.31375	-0.997604	0.158425	0.0796227	114.831	0.0743782	100.818
0.313875	-0.997584	0.160102	0.0796205	114.778	0.0743265	100.646
0.314	-0.997564	0.161805	0.0796183	114.726	0.0742742	100.473
0.314125	-0.997544	0.163535	0.0796161	114.673	0.0742213	100.298
0.31425	-0.997523	0.16529	0.0796139	114.62	0.0741676	100.122
0.314375	-0.997503	0.167073	0.0796116	114.567	0.0741133	99.9444
0.3145	-0.997482	0.168884	0.0796092	114.515	0.0740583	99.7655
0.314625	-0.99746	0.170722	0.0796069	114.462	0.0740026	99.5852
0.31475	-0.997439	0.17259	0.0796045	114.409	0.0739461	99.4034
0.314875	-0.997417	0.174487	0.079602	114.356	0.0738889	99.2202
0.315	-0.997395	0.176415	0.0795996	114.303	0.073831	99.0354
0.315125	-0.997373	0.178373	0.079597	114.25	0.0737723	98.8492
0.31525	-0.997351	0.180363	0.0795945	114.197	0.0737128	98.6614
0.315375	-0.997328	0.182386	0.0795919	114.144	0.0736526	98.472
0.3155	-0.997305	0.184441	0.0795893	114.091	0.0735915	98.281
0.315625	-0.997282	0.18653	0.0795866	114.037	0.0735296	98.0884
0.31575	-0.997258	0.188654	0.0795839	113.984	0.0734669	97.8941
0.315875	-0.997235	0.190814	0.0795811	113.931	0.0734033	97.6982
0.316	-0.997211	0.193009	0.0795783	113.877	0.0733388	97.5005
0.316125	-0.997186	0.195241	0.0795755	113.824	0.0732735	97.3011
0.31625	-0.997162	0.197512	0.0795726	113.77	0.0732072	97.1
0.316375	-0.997137	0.199821	0.0795697	113.716	0.07314	96.897
0.3165	-0.997112	0.20217	0.0795667	113.663	0.0730719	96.6922
0.316625	-0.997087	0.20456	0.0795637	113.609	0.0730028	96.4856
0.31675	-0.997061	0.206991	0.0795606	113.555	0.0729328	96.277
0.316875	-0.997035	0.209466	0.0795575	113.501	0.0728617	96.0665
0.317	-0.997008	0.211984	0.0795543	113.447	0.0727896	95.8541
0.317125	-0.996982	0.214547	0.0795511	113.393	0.0727165	95.6397
0.31725	-0.996955	0.217155	0.0795478	113.339	0.0726423	95.4232
0.317375	-0.996927	0.219811	0.0795445	113.285	0.0725671	95.2047
0.3175	-0.9969	0.222515	0.0795411	113.23	0.0724907	94.984
0.317625	-0.996872	0.225269	0.0795376	113.176	0.0724132	94.7612
0.31775	-0.996844	0.228073	0.0795341	113.121	0.0723345	94.5363
0.317875	-0.996815	0.23093	0.0795306	113.067	0.0722547	94.3091
0.318	-0.996786	0.233839	0.079527	113.012	0.0721736	94.0797
0.318125	-0.996756	0.236804	0.0795233	112.957	0.0720913	93.848
0.31825	-0.996727	0.239824	0.0795196	112.902	0.0720078	93.6139
0.318375	-0.996696	0.242903	0.0795158	112.847	0.0719229	93.3774
0.3185	-0.996666	0.24604	0.0795119	112.792	0.0718368	93.1385
0.318625	-0.996635	0.249238	0.079508	112.737	0.0717493	92.8972
0.31875	-0.996604	0.252497	0.079504	112.681	0.0716604	92.6533
0.318875	-0.996572	0.255821	0.0794999	112.626	0.0715701	92.4069
0.319	-0.99654	0.259211	0.0794958	112.57	0.0714783	92.1578
0.319125	-0.996507	0.262667	0.0794916	112.514	0.0713851	91.9061
0.31925	-0.996474	0.266193	0.0794873	112.458	0.0712904	91.6517
0.319375	-0.99644	0.269789	0.0794829	112.402	0.0711941	91.3945
0.3195	-0.996406	0.273458	0.0794785	112.346	0.0710962	91.1345
0.319625	-0.996372	0.277202	0.079474	112.29	0.0709967	90.8716
0.31975	-0.996337	0.281022	0.0794694	112.233	0.0708956	90.6058
0.319875	-0.996302	0.284921	0.0794647	112.177	0.0707927	90.3371
0.32	-0.996266	0.288901	0.0794599	112.12	0.0706881	90.0653
0.320125	-0.99623	0.292964	0.0794551	112.063	0.0705817	89.7904
0.32025	-0.996193	0.297112	0.0794501	112.006	0.0704735	89.5123
0.320375	-0.996155	0.301347	0.0794451	111.949	0.0703633	89.2311
0.3205	-0.996117	0.305673	0.0794399	111.891	0.0702513	88.9465
0.320625	-0.996079	0.31009	0.0794347	111.834	0.0701373	88.6586
0.32075	-0.99604	0.314602	0.0794294	111.776	0.0700212	88.3674
0.320875	-0.996	0.319211	0.0794239	111.718	0.0699031	88.0726
0.321	-0.99596	0.32392	0.0794184	111.66	0.0697828	87.7743
0.321125	-0.995919	0.328731	0.0794127	111.601	0.0696603	87.4725
0.32125	-0.995878	0.333647	0.0794069	111.543	0.0695356	87.1669
0.321375	-0.995836	0.338671	0.079401	111.484	0.0694086	86.8576
0.3215	-0.995793	0.343804	0.079395	111.425	0.0692792	86.5445
0.321625	-0.99575	0.349051	0.0793889	111.366	0.0691474	86.2275
0.32175	-0.995706	0.354414	0.0793826	111.306	0.069013	85.9065
0.321875	-0.995661	0.359895	0.0793762	111.246	0.0688761	85.5814
0.322	-0.995616	0.365498	0.0793696	111.186	0.0687366	85.2523
0.322125	-0.99557	0.371225	0.0793629	111.126	0.0685943	84.9189
0.32225	-0.995523	0.37708	0.0793561	111.065	0.0684493	84.5812
0.322375	-0.995476	0.383065	0.0793491	111.004	0.0683014	84.2392
0.3225	-0.995427	0.389182	0.0793419	110.943	0.0681506	83.8927
0.322625	-0.995378	0.395436	0.0793346	110.882	0.0679967	83.5417
0.32275	-0.995328	0.401827	0.0793271	110.82	0.0678397	83.186
0.322875	-0.995278	0.40836	0.0793194	110.758	0.0676796	82.8256
0.323	-0.995226	0.415037	0.0793115	110.695	0.0675162	82.4604
0.323125	-0.995174	0.42186	0.0793034	110.632	0.0673494	82.0903
0.32325	-0.995121	0.428832	0.0792951	110.569	0.0671791	81.7152
0.323375	-0.995067	0.435956	0.0792866	110.505	0.0670053	81.335
0.3235	-0.995012	0.443232	0.0792779	110.441	0.0668279	80.9497
0.323625	-0.994956	0.450664	0.079269	110.376	0.0666467	80.559
0.32375	-0.994899	0.458252	0.0792598	110.311	0.0664616	80.163
0.323875	-0.994841	0.465999	0.0792503	110.245	0.0662726	79.7614
0.324	-0.994783	0.473905	0.0792406	110.179	0.0660795	79.3543
0.324125	-0.994723	0.481972	0.0792306	110.112	0.0658823	78.9416
0.32425	-0.994662	0.4902	0.0792204	110.044	0.0656808	78.523
0.324375	-0.9946	0.498589	0.0792098	109.976	0.0654749	78.0985
0.3245	-0.994538	0.507139	0.0791989	109.907	0.0652645	77.6681
0.324625	-0.994474	0.515849	0.0791877	109.838	0.0650495	77.2315
0.32475	-0.994409	0.524718	0.0791761	109.768	0.0648298	76.7888
0.324875	-0.994342	0.533744	0.0791642	109.697	0.0646052	76.3398
0.325	-0.994275	0.542924	0.0791519	109.625	0.0643757	75.8844
0.325125	-0.994207	0.552255	0.0791392	109.552	0.0641412	75.4224
0.32525	-0.994137	0.561734	0.0791261	109.478	0.0639014	74.9539
0.325375	-0.994066	0.571356	0.0791125	109.404	0.0636564	74.4786
0.3255	-0.993994	0.581114	0.0790985	109.328	0.063406	73.9966
0.325625	-0.993921	0.591004	0.0790841	109.251	0.06315	73.5077
0.32575	-0.993846	0.601017	0.0790691	109.173	0.0628885	73.0117
0.325875	-0.993771	0.611145	0.0790536	109.094	0.0626212	72.5087
0.326	-0.993694	0.621379	0.0790376	109.014	0.0623481	71.9985
0.326125	-0.993615	0.631708	0.079021	108.932	0.0620691	71.481
0.32625	-0.993536	0.642122	0.0790038	108.849	0.0617841	70.9562
0.326375	-0.993455	0.652606	0.078986	108.765	0.061493	70.424
0.3265	-0.993373	0.663147	0.0789676	108.679	0.0611958	69.8842
0.326625	-0.993289	0.67373	0.0789485	108.591	0.0608922	69.3369
0.32675	-0.993204	0.684339	0.0789287	108.501	0.0605824	68.782
0.326875	-0.993118	0.694956	0.0789082	108.41	0.0602663	68.2194
0.327	-0.99303	0.705563	0.0788869	108.317	0.0599437	67.6491
0.327125	-0.992942	0.716139	0.0788649	108.223	0.0596147	67.071
0.32725	-0.992851	0.726663	0.0788421	108.126	0.0592792	66.4851
0.327375	-0.99276	0.737112	0.0788184	108.027	0.0589373	65.8914
0.3275	-0.992667	0.747464	0.0787938	107.926	0.0585889	65.2899
0.327625	-0.992573	0.757695	0.0787684	107.823	0.058234	64.6806
0.32775	-0.992478	0.767777	0.078742	107.717	0.0578727	64.0635
0.327875	-0.992381	0.777686	0.0787147	107.609	0.0575051	63.4387
0.328	-0.992283	0.787395	0.0786864	107.499	0.0571312	62.8061
0.328125	-0.992184	0.796877	0.0786571	107.386	0.056751	62.166
0.32825	-0.992084	0.806102	0.0786268	107.27	0.0563647	61.5182
0.328375	-0.991983	0.815044	0.0785954	107.152	0.0559723	60.8631
0.3285	-0.99188	0.823674	0.0785629	107.031	0.0555741	60.2006
0.328625	-0.991777	0.831963	0.0785293	106.907	0.0551702	59.5309
0.32875	-0.991672	0.839885	0.0784946	106.781	0.0547607	58.8542
0.328875	-0.991567	0.847411	0.0784587	106.651	0.0543459	58.1707
0.329	-0.991461	0.854516	0.0784217	106.518	0.0539259	57.4806
0.329125	-0.991353	0.861172	0.0783835	106.383	0.0535009	56.7841
0.32925	-0.991245	0.867357	0.078344	106.244	0.0530713	56.0814
0.329375	-0.991136	0.873046	0.0783034	106.102	0.0526372	55.373
0.3295	-0.991027	0.878219	0.0782615	105.957	0.052199	54.659
0.329625	-0.990917	0.882854	0.0782183	105.809	0.051757	53.9397
0.32975	-0.990806	0.886934	0.078174	105.658	0.0513114	53.2157
0.329875	-0.990695	0.890443	0.0781283	105.503	0.0508626	52.4871
0.33	-0.990584	0.893368	0.0780814	105.346	0.050411	51.7545
0.330125	-0.990472	0.895697	0.0780333	105.185	0.0499568	51.0183
0.33025	-0.99036	0.897421	0.0779839	105.021	0.0495004	50.2789
0.330375	-0.990248	0.898535	0.0779333	104.853	0.0490423	49.5368
0.3305	-0.990135	0.899036	0.0778814	104.683	0.0485827	48.7924
0.330625	-0.990023	0.898921	0.0778283	104.509	0.0481221	48.0463
0.33075	-0.989911	0.898193	0.077774	104.333	0.0476609	47.299
0.330875	-0.989798	0.896858	0.0777185	104.153	0.0471994	46.5511
0.331	-0.989686	0.894921	0.0776618	103.971	0.046738	45.8031
0.331125	-0.989575	0.892394	0.0776039	103.785	0.0462772	45.0554
0.33125	-0.989463	0.889289	0.0775449	103.597	0.0458172	44.3088
0.331375	-0.989352	0.885619	0.0774848	103.406	0.0453585	43.5638
0.3315	-0.989242	0.881403	0.0774236	103.212	0.0449015	42.8209
0.331625	-0.989132	0.87666	0.0773613	103.016	0.0444465	42.0807
0.33175	-0.989023	0.871409	0.077298	102.817	0.0439939	41.3438
0.331875	-0.988914	0.865675	0.0772337	102.616	0.043544	40.6107
0.332	-0.988806	0.85948	0.0771684	102.412	0.0430972	39.882
0.332125	-0.988699	0.852852	0.0771022	102.206	0.0426537	39.1582
0.33225	-0.988593	0.845815	0.077035	101.998	0.042214	38.4398
0.332375	-0.988488	0.838398	0.076967	101.788	0.0417782	37.7274
0.3325	-0.988384	0.830628	0.0768982	101.576	0.0413467	37.0214
0.332625	-0.98828	0.822534	0.0768286	101.362	0.0409197	36.3224
0.33275	-0.988178	0.814144	0.0767582	101.147	0.0404975	35.6307
0.332875	-0.988077	0.805489	0.0766871	100.929	0.0400802	34.9468
0.333	-0.987977	0.796595	0.0766153	100.711	0.0396682	34.2711
0.333125	-0.987878	0.787491	0.0765429	100.491	0.0392616	33.6039
0.33325	-0.98778	0.778206	0.0764698	100.269	0.0388605	32.9457
0.333375	-0.987683	0.768766	0.0763961	100.046	0.0384652	32.2967
0.3335	-0.987588	0.759198	0.0763219	99.8226	0.0380757	31.6572
0.333625	-0.987493	0.749528	0.0762472	99.5978	0.0376922	31.0275
0.33375	-0.9874	0.739779	0.076172	99.372	0.0373149	30.4079
0.333875	-0.987308	0.729976	0.0760964	99.1454	0.0369437	29.7985
0.334	-0.987218	0.720142	0.0760203	98.918	0.0365787	29.1995
0.334125	-0.987128	0.710297	0.0759438	98.6899	0.0362201	28.6112
0.33425	-0.98704	0.700461	0.075867	98.4613	0.0358679	28.0335
0.334375	-0.986953	0.690655	0.0757899	98.2322	0.0355221	27.4667
0.3345	-0.986867	0.680894	0.0757125	98.0026	0.0351827	26.9108
0.334625	-0.986783	0.671195	0.0756347	97.7726	0.0348497	26.3659
0.33475	-0.9867	0.661574	0.0755568	97.5424	0.0345232	25.8319
0.334875	-0.986618	0.652045	0.0754786	97.3119	0.034203	25.309
0.335	-0.986537	0.64262	0.0754002	97.0813	0.0338893	24.797
0.335125	-0.986457	0.633309	0.0753217	96.8505	0.0335818	24.296
0.33525	-0.986378	0.624125	0.0752429	96.6197	0.0332807	23.806
0.335375	-0.986301	0.615076	0.0751641	96.3889	0.0329859	23.3268
0.3355	-0.986224	0.606169	0.0750851	96.1582	0.0326972	22.8584
0.335625	-0.986149	0.597414	0.075006	95.9275	0.0324147	22.4007
0.33575	-0.986075	0.588814	0.0749268	95.6969	0.0321382	21.9535
0.335875	-0.986002	0.580376	0.0748476	95.4665	0.0318677	21.5168
0.336	-0.98593	0.572103	0.0747683	95.2364	0.0316031	21.0905
0.336125	-0.985859	0.564	0.074689	95.0064	0.0313443	20.6743
0.33625	-0.985789	0.55607	0.0746097	94.7768	0.0310912	20.2682
0.336375	-0.98572	0.548314	0.0745303	94.5474	0.0308437	19.8719
0.3365	-0.985652	0.540734	0.0744509	94.3184	0.0306018	19.4854
0.336625	-0.985585	0.533331	0.0743716	94.0897	0.0303653	19.1084
0.33675	-0.985519	0.526104	0.0742923	93.8614	0.0301341	18.7408
0.336875	-0.985453	0.519055	0.074213	93.6335	0.0299082	18.3824
0.337	-0.985389	0.512182	0.0741337	93.406	0.0296874	18.0329
0.337125	-0.985325	0.505484	0.0740545	93.179	0.0294717	17.6924
0.33725	-0.985262	0.498961	0.0739753	92.9523	0.0292608	17.3604
0.337375	-0.9852	0.492609	0.0738962	92.7262	0.0290548	17.0369
0.3375	-0.985139	0.486428	0.0738172	92.5005	0.0288535	16.7217
0.337625	-0.985079	0.480414	0.0737383	92.2753	0.0286568	16.4146
0.33775	-0.985019	0.474566	0.0736594	92.0506	0.0284646	16.1153
0.337875	-0.98496	0.468881	0.0735806	91.8264	0.0282768	15.8237
0.338	-0.984902	0.463355	0.0735019	91.6027	0.0280934	15.5397
0.338125	-0.984844	0.457987	0.0734234	91.3795	0.0279141	15.263
0.33825	-0.984787	0.452773	0.0733449	91.1569	0.0277389	14.9934
0.338375	-0.984731	0.447709	0.0732665	90.9348	0.0275678	14.7308
0.3385	-0.984676	0.442792	0.0731882	90.7132	0.0274006	14.475
0.338625	-0.98462	0.438019	0.0731101	90.4922	0.0272372	14.2257
0.33875	-0.984566	0.433387	0.073032	90.2716	0.0270775	13.983
0.338875	-0.984512	0.428892	0.0729541	90.0517	0.0269215	13.7464
0.339	-0.984459	0.424531	0.0728763	89.8323	0.026769	13.516
0.339125	-0.984406	0.420301	0.0727986	89.6134	0.02662	13.2915
0.33925	-0.984354	0.416198	0.0727211	89.3951	0.0264744	13.0728
0.339375	-0.984302	0.412218	0.0726437	89.1773	0.026332	12.8597
0.3395	-0.984251	0.408359	0.0725664	88.9601	0.0261928	12.6521
0.339625	-0.9842	0.404616	0.0724893	88.7435	0.0260568	12.4497
0.33975	-0.984149	0.400988	0.0724123	88.5274	0.0259238	12.2526
0.339875	-0.9841	0.39747	0.0723354	88.3118	0.0257938	12.0604
0.34	-0.98405	0.394059	0.0722586	88.0968	0.0256667	11.8731
0.340125	-0.984001	0.390753	0.0721821	87.8824	0.0255424	11.6906
0.34025	-0.983952	0.387548	0.0721056	87.6685	0.0254209	11.5127
0.340375	-0.983904	0.384442	0.0720293	87.4551	0.025302	11.3392
0.3405	-0.983856	0.38143	0.0719531	87.2423	0.0251858	11.1702
0.340625	-0.983809	0.378511	0.0718771	87.0301	0.0250721	11.0053
0.34075	-0.983762	0.375683	0.0718012	86.8184	0.0249609	10.8446
0.340875	-0.983715	0.372941	0.0717255	86.6073	0.0248521	10.6878
0.341	-0.983668	0.370283	0.0716499	86.3967	0.0247456	10.535
0.341125	-0.983622	0.367707	0.0715745	86.1867	0.0246415	10.3859
0.34125	-0.983576	0.365211	0.0714992	85.9772	0.0245395	10.2405
0.341375	-0.983531	0.362792	0.0714241	85.7682	0.0244398	10.0986
0.3415	-0.983486	0.360447	0.0713491	85.5598	0.0243422	9.9602
0.341625	-0.983441	0.358174	0.0712743	85.352	0.0242466	9.82517
0.34175	-0.983396	0.355972	0.0711996	85.1446	0.0241531	9.69341
0.341875	-0.983352	0.353837	0.071125	84.9379	0.0240616	9.56483
0.342	-0.983308	0.351769	0.0710507	84.7316	0.0239719	9.43934
0.342125	-0.983264	0.349763	0.0709764	84.526	0.0238842	9.31685
0.34225	-0.98322	0.34782	0.0709024	84.3208	0.0237982	9.19728
0.342375	-0.983177	0.345937	0.0708284	84.1162	0.023714	9.08054
0.3425	-0.983134	0.344112	0.0707546	83.9121	0.0236316	8.96657
0.342625	-0.983091	0.342343	0.070681	83.7086	0.0235509	8.85527
0.34275	-0.983048	0.340629	0.0706075	83.5056	0.0234718	8.74658
0.342875	-0.983006	0.338968	0.0705342	83.3031	0.0233943	8.64043
0.343	-0.982964	0.337358	0.070461	83.1011	0.0233184	8.53674
0.343125	-0.982921	0.335797	0.070388	82.8997	0.023244	8.43545
0.34325	-0.98288	0.334285	0.0703151	82.6989	0.0231711	8.33648
0.343375	-0.982838	0.33282	0.0702424	82.4985	0.0230996	8.23979
0.3435	-0.982796	0.3314	0.0701698	82.2987	0.0230296	8.1453
0.343625	-0.982755	0.330024	0.0700974	82.0994	0.022961	8.05295
0.34375	-0.982714	0.328691	0.0700251	81.9006	0.0228937	7.9627
0.343875	-0.982673	0.327399	0.069953	81.7024	0.0228277	7.87447
0.344	-0.982632	0.326148	0.069881	81.5047	0.022763	7.78822
0.344125	-0.982591	0.324935	0.0698091	81.3075	0.0226996	7.70389
0.34425	-0.982551	0.32376	0.0697375	81.1108	0.0226374	7.62143
0.344375	-0.98251	0.322622	0.0696659	80.9146	0.0225764	7.5408
0.3445	-0.98247	0.32152	0.0695945	80.719	0.0225166	7.46193
0.344625	-0.98243	0.320452	0.0695232	80.5239	0.0224579	7.38479
0.34475	-0.98239	0.319418	0.0694521	80.3293	0.0224003	7.30933
0.344875	-0.98235	0.318416	0.0693811	80.1352	0.0223438	7.23551
0.345	-0.98231	0.317446	0.0693103	79.9416	0.0222884	7.16328
0.345125	-0.982271	0.316507	0.0692396	79.7486	0.022234	7.0926
0.34525	-0.982231	0.315598	0.0691691	79.5561	0.0221806	7.02343
0.345375	-0.982192	0.314717	0.0690987	79.364	0.0221282	6.95574
0.3455	-0.982153	0.313865	0.0690284	79.1725	0.0220768	6.88947
0.345625	-0.982113	0.31304	0.0689582	78.9815	0.0220263	6.8246
0.34575	-0.982074	0.312242	0.0688882	78.791	0.0219768	6.7611
0.345875	-0.982035	0.31147	0.0688184	78.601	0.0219281	6.69891
0.346	-0.981996	0.310723	0.0687486	78.4115	0.0218804	6.63802
0.346125	-0.981958	0.31	0.0686791	78.2225	0.0218335	6.57839
0.34625	-0.981919	0.309301	0.0686096	78.034	0.0217874	6.51999
0.346375	-0.98188	0.308625	0.0685403	77.8461	0.0217422	6.46278
0.3465	-0.981842	0.307972	0.0684711	77.6586	0.0216977	6.40674
0.346625	-0.981803	0.30734	0.068402	77.4716	0.0216541	6.35183
0.34675	-0.981765	0.306729	0.0683331	77.2851	0.0216112	6.29804
0.346875	-0.981727	0.306139	0.0682642	77.0992	0.0215691	6.24532
0.347	-0.981688	0.30557	0.0681956	76.9137	0.0215277	6.19366
0.347125	-0.98165	0.305019	0.068127	76.7287	0.021487	6.14303
0.34725	-0.981612	0.304488	0.0680586	76.5442	0.0214471	6.09339
0.347375	-0.981574	0.303975	0.0679903	76.3602	0.0214078	6.04474
0.3475	-0.981536	0.30348	0.0679221	76.1767	0.0213692	5.99704
0.347625	-0.981498	0.303002	0.067854	75.9936	0.0213313	5.95028
0.34775	-0.98146	0.302542	0.0677861	75.8111	0.021294	5.90442
0.347875	-0.981423	0.302097	0.0677183	75.6291	0.0212573	5.85945
0.348	-0.981385	0.301669	0.0676506	75.4475	0.0212213	5.81534
0.348125	-0.981347	0.301257	0.067583	75.2665	0.0211858	5.77208
0.34825	-0.98131	0.30086	0.0675155	75.0859	0.021151	5.72964
0.348375	-0.981272	0.300477	0.0674482	74.9058	0.0211167	5.68801
0.3485	-0.981234	0.300109	0.067381	74.7262	0.021083	5.64717
0.348625	-0.981197	0.299755	0.0673138	74.547	0.0210499	5.60709
0.34875	-0.98116	0.299415	0.0672469	74.3684	0.0210173	5.56776
0.348875	-0.981122	0.299088	0.06718	74.1902	0.0209852	5.52916
0.349	-0.981085	0.298773	0.0671132	74.0125	0.0209537	5.49128
0.349125	-0.981047	0.298471	0.0670465	73.8353	0.0209227	5.4541
0.34925	-0.98101	0.298182	0.06698	73.6586	0.0208921	5.4176
0.349375	-0.980973	0.297904	0.0669136	73.4824	0.0208621	5.38176
0.3495	-0.980936	0.297638	0.0668473	73.3066	0.0208325	5.34658
0.349625	-0.980898	0.297383	0.066781	73.1313	0.0208035	5.31203
0.34975	-0.980861	0.297139	0.0667149	72.9565	0.0207748	5.27811
0.349875	-0.980824	0.296905	0.0666489	72.7822	0.0207467	5.24479
0.35	-0.980787	0.296682	0.0665831	72.6083	0.0207189	5.21207
0.350125	-0.98075	0.296469	0.0665173	72.4349	0.0206917	5.17992
0.35025	-0.980713	0.296265	0.0664516	72.262	0.0206648	5.14835
0.350375	-0.980676	0.296071	0.066386	72.0896	0.0206383	5.11733
0.3505	-0.980639	0.295887	0.0663206	71.9176	0.0206123	5.08685
0.350625	-0.980602	0.295711	0.0662552	71.7461	0.0205867	5.05691
0.35075	-0.980565	0.295544	0.06619	71.5751	0.0205614	5.02748
0.350875	-0.980528	0.295385	0.0661248	71.4046	0.0205366	4.99856
0.351	-0.980491	0.295235	0.0660598	71.2345	0.0205121	4.97014
0.351125	-0.980454	0.295093	0.0659948	71.0649	0.020488	4.9422
0.35125	-0.980417	0.294958	0.06593	70.8958	0.0204643	4.91474
0.351375	-0.980381	0.294831	0.0658653	70.7272	0.0204409	4.88774
0.3515	-0.980344	0.294712	0.0658006	70.559	0.0204179	4.8612
0.351625	-0.980307	0.294599	0.0657361	70.3913	0.0203952	4.8351
0.35175	-0.98027	0.294494	0.0656717	70.2241	0.0203729	4.80944
0.351875	-0.980233	0.294395	0.0656073	70.0574	0.0203509	4.78421
0.352	-0.980196	0.294302	0.0655431	69.8911	0.0203292	4.75939
0.352125	-0.98016	0.294217	0.065479	69.7253	0.0203079	4.73499
0.35225	-0.980123	0.294137	0.0654149	69.56	0.0202868	4.71098
0.352375	-0.980086	0.294063	0.065351	69.3952	0.0202661	4.68736
0.3525	-0.980049	0.293995	0.0652872	69.2309	0.0202457	4.66413
0.352625	-0.980013	0.293933	0.0652235	69.067	0.0202255	4.64127
0.35275	-0.979976	0.293876	0.0651598	68.9036	0.0202057	4.61878
0.352875	-0.979939	0.293824	0.0650963	68.7407	0.0201862	4.59666
0.353	-0.979902	0.293778	0.0650329	68.5782	0.0201669	4.57488
0.353125	-0.979866	0.293737	0.0649695	68.4163	0.0201479	4.55345
0.35325	-0.979829	0.2937	0.0649063	68.2548	0.0201292	4.53236
0.353375	-0.979792	0.293669	0.0648432	68.0938	0.0201107	4.5116
0.3535	-0.979756	0.293641	0.0647801	67.9333	0.0200926	4.49117
0.353625	-0.979719	0.293618	0.0647172	67.7733	0.0200746	4.47105
0.35375	-0.979682	0.2936	0.0646544	67.6138	0.020057	4.45125
0.353875	-0.979645	0.293586	0.0645916	67.4548	0.0200396	4.43175
0.354	-0.979609	0.293575	0.064529	67.2962	0.0200224	4.41256
0.354125	-0.979572	0.293569	0.0644665	67.1382	0.0200055	4.39366
0.35425	-0.979535	0.293567	0.064404	66.9806	0.0199888	4.37504
0.354375	-0.979499	0.293568	0.0643417	66.8235	0.0199723	4.35671
0.3545	-0.979462	0.293572	0.0642794	66.667	0.0199561	4.33866
0.354625	-0.979425	0.293581	0.0642173	66.5109	0.0199401	4.32087
0.35475	-0.979389	0.293592	0.0641552	66.3553	0.0199243	4.30336
0.354875	-0.979352	0.293607	0.0640933	66.2002	0.0199088	4.2861
0.355	-0.979315	0.293625	0.0640314	66.0456	0.0198934	4.26911
0.355125	-0.979278	0.293646	0.0639697	65.8915	0.0198783	4.25236
0.35525	-0.979242	0.293669	0.063908	65.7379	0.0198634	4.23586
0.355375	-0.979205	0.293696	0.0638464	65.5848	0.0198487	4.2196
0.3555	-0.979168	0.293726	0.063785	65.4323	0.0198342	4.20358
0.355625	-0.979132	0.293758	0.0637236	65.2802	0.0198199	4.18779
0.35575	-0.979095	0.293793	0.0636624	65.1286	0.0198058	4.17223
0.355875	-0.979058	0.29383	0.0636012	64.9776	0.0197918	4.1569
0.356	-0.979021	0.29387	0.0635401	64.827	0.0197781	4.14178
0.356125	-0.978985	0.293913	0.0634791	64.677	0.0197646	4.12688
0.35625	-0.978948	0.293957	0.0634183	64.5275	0.0197512	4.1122
0.356375	-0.978911	0.294004	0.0633575	64.3785	0.019738	4.09772
0.3565	-0.978874	0.294053	0.0632968	64.23	0.019725	4.08344
0.356625	-0.978838	0.294104	0.0632362	64.0821	0.0197122	4.06937
0.35675	-0.978801	0.294157	0.0631757	63.9346	0.0196996	4.05549
0.356875	-0.978764	0.294212	0.0631153	63.7877	0.0196871	4.04181
0.357	-0.978727	0.294269	0.0630551	63.6413	0.0196748	4.02831
0.357125	-0.978691	0.294327	0.0629949	63.4954	0.0196626	4.015
0.35725	-0.978654	0.294388	0.0629348	63.3501	0.0196507	4.00188
0.357375	-0.978617	0.29445	0.0628748	63.2053	0.0196388	3.98893
0.3575	-0.97858	0.294514	0.0628148	63.061	0.0196272	3.97616
0.357625	-0.978543	0.29458	0.062755	62.9172	0.0196157	3.96356
0.35775	-0.978507	0.294647	0.0626953	62.774	0.0196043	3.95113
0.357875	-0.97847	0.294716	0.0626357	62.6313	0.0195931	3.93887
0.358	-0.978433	0.294786	0.0625762	62.4891	0.019582	3.92677
0.358125	-0.978396	0.294857	0.0625167	62.3475	0.0195711	3.91484
0.35825	-0.978359	0.294931	0.0624574	62.2064	0.0195604	3.90306
0.358375	-0.978322	0.295005	0.0623982	62.0659	0.0195497	3.89144
0.3585	-0.978285	0.295081	0.062339	61.9259	0.0195393	3.87997
0.358625	-0.978249	0.295158	0.06228	61.7864	0.0195289	3.86865
0.35875	-0.978212	0.295237	0.062221	61.6475	0.0195187	3.85747
0.358875	-0.978175	0.295316	0.0621621	61.5091	0.0195086	3.84645
0.359	-0.978138	0.295397	0.0621034	61.3713	0.0194987	3.83556
0.359125	-0.978101	0.295479	0.0620447	61.234	0.0194889	3.82481
0.35925	-0.978064	0.295562	0.0619861	61.0972	0.0194792	3.8142
0.359375	-0.978027	0.295647	0.0619276	60.961	0.0194696	3.80373
0.3595	-0.97799	0.295732	0.0618692	60.8254	0.0194602	3.79338
0.359625	-0.977953	0.295819	0.0618109	60.6903	0.0194508	3.78317
0.35975	-0.977916	0.295906	0.0617527	60.5558	0.0194416	3.77308
0.359875	-0.977879	0.295995	0.0616945	60.4218	0.0194326	3.76312
