0.35	-0.997309	0.114218	0.125753	41.5234	0.122298	39.6134
0.35025	-0.997281	0.115451	0.125753	41.4873	0.122261	39.5565
0.3505	-0.997252	0.116698	0.125754	41.4513	0.122222	39.4994
0.35075	-0.997222	0.117961	0.125754	41.4153	0.122183	39.4421
0.351	-0.997193	0.119238	0.125755	41.3793	0.122144	39.3845
0.35125	-0.997163	0.120531	0.125755	41.3433	0.122104	39.3268
0.3515	-0.997132	0.12184	0.125755	41.3074	0.122064	39.2688
0.35175	-0.997102	0.123164	0.125755	41.2715	0.122023	39.2106
0.352	-0.997071	0.124505	0.125756	41.2356	0.121981	39.1522
0.35225	-0.997039	0.125862	0.125756	41.1997	0.121939	39.0936
0.3525	-0.997008	0.127235	0.125756	41.1638	0.121896	39.0347
0.35275	-0.996976	0.128625	0.125756	41.128	0.121853	38.9756
0.353	-0.996943	0.130032	0.125756	41.0922	0.121809	38.9163
0.35325	-0.996911	0.131457	0.125756	41.0564	0.121765	38.8567
0.3535	-0.996878	0.132899	0.125756	41.0207	0.12172	38.7969
0.35375	-0.996844	0.134358	0.125756	40.9849	0.121675	38.7369
0.354	-0.996811	0.135836	0.125756	40.9492	0.121628	38.6766
0.35425	-0.996776	0.137332	0.125756	40.9135	0.121582	38.616
0.3545	-0.996742	0.138847	0.125755	40.8779	0.121534	38.5552
0.35475	-0.996707	0.140381	0.125755	40.8422	0.121486	38.4942
0.355	-0.996672	0.141934	0.125755	40.8066	0.121438	38.4329
0.35525	-0.996636	0.143506	0.125754	40.771	0.121388	38.3713
0.3555	-0.9966	0.145098	0.125754	40.7354	0.121338	38.3094
0.35575	-0.996563	0.14671	0.125753	40.6998	0.121288	38.2473
0.356	-0.996527	0.148343	0.125752	40.6643	0.121236	38.1849
0.35625	-0.996489	0.149996	0.125752	40.6287	0.121184	38.1222
0.3565	-0.996452	0.15167	0.125751	40.5932	0.121131	38.0592
0.35675	-0.996413	0.153366	0.12575	40.5577	0.121078	37.996
0.357	-0.996375	0.155083	0.125749	40.5223	0.121024	37.9324
0.35725	-0.996336	0.156822	0.125748	40.4868	0.120969	37.8686
0.3575	-0.996297	0.158583	0.125747	40.4514	0.120913	37.8045
0.35775	-0.996257	0.160367	0.125746	40.416	0.120856	37.74
0.358	-0.996216	0.162174	0.125745	40.3805	0.120799	37.6753
0.35825	-0.996176	0.164004	0.125744	40.3452	0.120741	37.6102
0.3585	-0.996134	0.165858	0.125742	40.3098	0.120682	37.5448
0.35875	-0.996093	0.167736	0.125741	40.2744	0.120622	37.4791
0.359	-0.99605	0.169639	0.125739	40.2391	0.120562	37.4131
0.35925	-0.996008	0.171566	0.125738	40.2038	0.1205	37.3468
0.3595	-0.995965	0.173518	0.125736	40.1685	0.120438	37.2801
0.35975	-0.995921	0.175496	0.125734	40.1332	0.120375	37.2131
0.36	-0.995877	0.1775	0.125732	40.0979	0.120311	37.1457
0.36025	-0.995832	0.179531	0.12573	40.0626	0.120246	37.078
0.3605	-0.995787	0.181588	0.125728	40.0274	0.12018	37.0099
0.36075	-0.995741	0.183672	0.125726	39.9921	0.120114	36.9415
0.361	-0.995695	0.185784	0.125724	39.9569	0.120046	36.8727
0.36125	-0.995649	0.187924	0.125722	39.9216	0.119978	36.8036
0.3615	-0.995601	0.190093	0.125719	39.8864	0.119908	36.734
0.36175	-0.995554	0.19229	0.125717	39.8512	0.119837	36.6641
0.362	-0.995505	0.194517	0.125714	39.816	0.119766	36.5938
0.36225	-0.995456	0.196774	0.125711	39.7808	0.119693	36.5232
0.3625	-0.995407	0.199061	0.125709	39.7456	0.11962	36.4521
0.36275	-0.995357	0.201378	0.125706	39.7104	0.119545	36.3806
0.363	-0.995306	0.203727	0.125703	39.6752	0.119469	36.3088
0.36325	-0.995255	0.206108	0.125699	39.6401	0.119392	36.2365
0.3635	-0.995203	0.208521	0.125696	39.6049	0.119314	36.1638
0.36375	-0.995151	0.210966	0.125693	39.5697	0.119235	36.0907
0.364	-0.995098	0.213445	0.125689	39.5345	0.119155	36.0171
0.36425	-0.995044	0.215957	0.125685	39.4993	0.119074	35.9431
0.3645	-0.99499	0.218503	0.125681	39.4641	0.118991	35.8687
0.36475	-0.994935	0.221084	0.125678	39.429	0.118908	35.7938
0.365	-0.994879	0.2237	0.125673	39.3938	0.118823	35.7185
0.36525	-0.994823	0.226352	0.125669	39.3586	0.118737	35.6427
0.3655	-0.994766	0.229041	0.125665	39.3233	0.118649	35.5665
0.36575	-0.994708	0.231766	0.12566	39.2881	0.11856	35.4898
0.366	-0.99465	0.234528	0.125656	39.2529	0.11847	35.4126
0.36625	-0.994591	0.237329	0.125651	39.2176	0.118379	35.3349
0.3665	-0.994531	0.240167	0.125646	39.1824	0.118287	35.2567
0.36675	-0.994471	0.243045	0.125641	39.1471	0.118193	35.1781
0.367	-0.99441	0.245962	0.125636	39.1118	0.118097	35.0989
0.36725	-0.994348	0.24892	0.12563	39.0765	0.118	35.0192
0.3675	-0.994285	0.251918	0.125624	39.0412	0.117902	34.939
0.36775	-0.994222	0.254957	0.125619	39.0058	0.117802	34.8583
0.368	-0.994158	0.258038	0.125613	38.9704	0.117701	34.777
0.36825	-0.994093	0.261162	0.125607	38.935	0.117599	34.6952
0.3685	-0.994027	0.264328	0.1256	38.8996	0.117494	34.6128
0.36875	-0.993961	0.267538	0.125594	38.8641	0.117389	34.5299
0.369	-0.993893	0.270792	0.125587	38.8286	0.117281	34.4464
0.36925	-0.993825	0.274091	0.12558	38.793	0.117172	34.3624
0.3695	-0.993756	0.277435	0.125573	38.7575	0.117062	34.2777
0.36975	-0.993687	0.280825	0.125566	38.7218	0.11695	34.1925
0.37	-0.993616	0.284261	0.125558	38.6862	0.116836	34.1067
0.37025	-0.993545	0.287744	0.12555	38.6504	0.11672	34.0203
0.3705	-0.993472	0.291275	0.125542	38.6147	0.116603	33.9332
0.37075	-0.993399	0.294854	0.125534	38.5789	0.116484	33.8456
0.371	-0.993325	0.298482	0.125526	38.543	0.116363	33.7573
0.37125	-0.99325	0.302158	0.125517	38.5071	0.11624	33.6684
0.3715	-0.993174	0.305885	0.125508	38.4711	0.116116	33.5788
0.37175	-0.993097	0.309662	0.125499	38.435	0.115989	33.4886
0.372	-0.993019	0.313489	0.125489	38.3989	0.115861	33.3977
0.37225	-0.99294	0.317368	0.12548	38.3627	0.115731	33.3061
0.3725	-0.99286	0.321299	0.12547	38.3265	0.115598	33.2139
0.37275	-0.992779	0.325281	0.125459	38.2901	0.115464	33.1209
0.373	-0.992697	0.329317	0.125449	38.2537	0.115328	33.0273
0.37325	-0.992615	0.333406	0.125438	38.2172	0.115189	32.933
0.3735	-0.992531	0.337548	0.125427	38.1806	0.115049	32.8379
0.37375	-0.992446	0.341745	0.125416	38.1439	0.114906	32.7421
0.374	-0.99236	0.345996	0.125404	38.1071	0.114761	32.6456
0.37425	-0.992273	0.350301	0.125392	38.0702	0.114614	32.5483
0.3745	-0.992185	0.354662	0.125379	38.0332	0.114465	32.4503
0.37475	-0.992096	0.359079	0.125367	37.9961	0.114314	32.3515
0.375	-0.992005	0.363551	0.125353	37.9589	0.11416	32.2519
0.37525	-0.991914	0.368078	0.12534	37.9216	0.114004	32.1516
0.3755	-0.991821	0.372663	0.125326	37.8841	0.113845	32.0504
0.37575	-0.991727	0.377303	0.125312	37.8465	0.113684	31.9485
0.376	-0.991632	0.382	0.125298	37.8088	0.113521	31.8457
0.37625	-0.991536	0.386754	0.125283	37.7709	0.113355	31.7421
0.3765	-0.991439	0.391564	0.125267	37.7329	0.113187	31.6377
0.37675	-0.991341	0.396431	0.125251	37.6947	0.113016	31.5324
0.377	-0.991241	0.401355	0.125235	37.6564	0.112843	31.4263
0.37725	-0.99114	0.406335	0.125219	37.6179	0.112667	31.3194
0.3775	-0.991038	0.411372	0.125202	37.5793	0.112488	31.2115
0.37775	-0.990934	0.416465	0.125184	37.5404	0.112306	31.1028
0.378	-0.990829	0.421614	0.125166	37.5014	0.112122	30.9932
0.37825	-0.990723	0.426819	0.125148	37.4622	0.111935	30.8827
0.3785	-0.990616	0.432078	0.125129	37.4228	0.111746	30.7712
0.37875	-0.990507	0.437393	0.125109	37.3832	0.111553	30.6589
0.379	-0.990397	0.442762	0.125089	37.3434	0.111358	30.5456
0.37925	-0.990286	0.448184	0.125069	37.3034	0.111159	30.4314
0.3795	-0.990173	0.45366	0.125048	37.2632	0.110958	30.3163
0.37975	-0.990059	0.459188	0.125026	37.2227	0.110754	30.2002
0.38	-0.989944	0.464767	0.125004	37.182	0.110547	30.0831
0.38025	-0.989827	0.470396	0.124981	37.1411	0.110336	29.9651
0.3805	-0.989708	0.476075	0.124958	37.0999	0.110123	29.8461
0.38075	-0.989589	0.481803	0.124934	37.0584	0.109907	29.726
0.381	-0.989468	0.487577	0.12491	37.0167	0.109687	29.605
0.38125	-0.989345	0.493397	0.124884	36.9747	0.109464	29.483
0.3815	-0.989221	0.499261	0.124859	36.9324	0.109238	29.36
0.38175	-0.989095	0.505168	0.124832	36.8899	0.109009	29.236
0.382	-0.988968	0.511116	0.124805	36.847	0.108777	29.1109
0.38225	-0.98884	0.517104	0.124777	36.8038	0.108541	28.9848
0.3825	-0.98871	0.523129	0.124748	36.7603	0.108302	28.8577
0.38275	-0.988578	0.52919	0.124719	36.7165	0.10806	28.7295
0.383	-0.988445	0.535284	0.124689	36.6724	0.107814	28.6002
0.38325	-0.988311	0.541409	0.124658	36.6279	0.107565	28.4699
0.3835	-0.988174	0.547563	0.124626	36.583	0.107312	28.3386
0.38375	-0.988037	0.553744	0.124594	36.5378	0.107056	28.2061
0.384	-0.987898	0.559948	0.124561	36.4923	0.106797	28.0726
0.38425	-0.987757	0.566173	0.124527	36.4463	0.106534	27.9381
0.3845	-0.987614	0.572417	0.124492	36.4	0.106268	27.8024
0.38475	-0.987471	0.578676	0.124456	36.3532	0.105998	27.6657
0.385	-0.987325	0.584947	0.124419	36.3061	0.105725	27.5279
0.38525	-0.987178	0.591228	0.124381	36.2585	0.105448	27.3889
0.3855	-0.987029	0.597514	0.124343	36.2106	0.105168	27.249
0.38575	-0.986879	0.603802	0.124303	36.1621	0.104884	27.1079
0.386	-0.986728	0.610088	0.124263	36.1133	0.104597	26.9657
0.38625	-0.986574	0.61637	0.124221	36.064	0.104306	26.8225
0.3865	-0.986419	0.622643	0.124179	36.0142	0.104012	26.6781
0.38675	-0.986263	0.628903	0.124135	35.964	0.103714	26.5327
0.387	-0.986105	0.635146	0.124091	35.9132	0.103412	26.3862
0.38725	-0.985945	0.641368	0.124045	35.862	0.103107	26.2386
0.3875	-0.985784	0.647564	0.123999	35.8103	0.102799	26.09
0.38775	-0.985622	0.653732	0.123951	35.7581	0.102487	25.9403
0.388	-0.985457	0.659865	0.123902	35.7054	0.102172	25.7895
0.38825	-0.985292	0.665959	0.123852	35.6521	0.101853	25.6377
0.3885	-0.985124	0.67201	0.123801	35.5983	0.101531	25.4849
0.38875	-0.984956	0.678014	0.123748	35.544	0.101205	25.331
0.389	-0.984785	0.683965	0.123695	35.4891	0.100876	25.176
0.38925	-0.984614	0.689859	0.12364	35.4337	0.100544	25.0201
0.3895	-0.984441	0.69569	0.123584	35.3777	0.100209	24.8632
0.38975	-0.984266	0.701455	0.123527	35.3211	0.0998698	24.7053
0.39	-0.98409	0.707148	0.123468	35.264	0.0995278	24.5464
0.39025	-0.983912	0.712764	0.123409	35.2063	0.0991827	24.3865
0.3905	-0.983733	0.718298	0.123348	35.1479	0.0988344	24.2257
0.39075	-0.983553	0.723746	0.123285	35.089	0.0984831	24.064
0.391	-0.983372	0.729102	0.123222	35.0295	0.0981288	23.9014
0.39125	-0.983189	0.734362	0.123157	34.9694	0.0977715	23.7379
0.3915	-0.983004	0.739521	0.123091	34.9087	0.0974114	23.5735
0.39175	-0.982819	0.744574	0.123023	34.8473	0.0970484	23.4083
0.392	-0.982632	0.749516	0.122954	34.7853	0.0966827	23.2423
0.39225	-0.982444	0.754343	0.122883	34.7227	0.0963144	23.0754
0.3925	-0.982255	0.759051	0.122812	34.6595	0.0959434	22.9078
0.39275	-0.982065	0.763634	0.122738	34.5956	0.0955699	22.7395
0.393	-0.981873	0.768089	0.122664	34.5311	0.095194	22.5704
0.39325	-0.981681	0.772412	0.122588	34.466	0.0948157	22.4007
0.3935	-0.981487	0.776597	0.12251	34.4002	0.0944352	22.2302
0.39375	-0.981292	0.780642	0.122431	34.3338	0.0940524	22.0592
0.394	-0.981097	0.784543	0.122351	34.2667	0.0936676	21.8876
0.39425	-0.9809	0.788295	0.122269	34.199	0.0932808	21.7154
0.3945	-0.980702	0.791897	0.122186	34.1307	0.0928922	21.5427
0.39475	-0.980504	0.795343	0.122101	34.0617	0.0925017	21.3694
0.395	-0.980305	0.798633	0.122015	33.9921	0.0921096	21.1958
0.39525	-0.980105	0.801762	0.121928	33.9218	0.0917159	21.0217
0.3955	-0.979904	0.804728	0.121839	33.8509	0.0913207	20.8472
0.39575	-0.979702	0.807529	0.121748	33.7794	0.0909241	20.6724
0.396	-0.9795	0.810162	0.121656	33.7072	0.0905263	20.4973
0.39625	-0.979297	0.812626	0.121563	33.6344	0.0901274	20.3219
0.3965	-0.979094	0.81492	0.121468	33.561	0.0897274	20.1463
0.39675	-0.97889	0.817041	0.121371	33.487	0.0893265	19.9705
0.397	-0.978685	0.818989	0.121274	33.4124	0.0889248	19.7946
0.39725	-0.97848	0.820762	0.121174	33.3371	0.0885225	19.6186
0.3975	-0.978275	0.822361	0.121074	33.2613	0.0881196	19.4425
0.39775	-0.978069	0.823785	0.120972	33.1849	0.0877162	19.2665
0.398	-0.977863	0.825033	0.120868	33.1078	0.0873126	19.0904
0.39825	-0.977657	0.826106	0.120763	33.0302	0.0869087	18.9145
0.3985	-0.97745	0.827005	0.120657	32.9521	0.0865048	18.7387
0.39875	-0.977243	0.827729	0.120549	32.8734	0.0861008	18.563
0.399	-0.977036	0.828281	0.12044	32.7941	0.0856971	18.3876
0.39925	-0.976829	0.82866	0.12033	32.7143	0.0852936	18.2125
0.3995	-0.976622	0.828869	0.120218	32.6339	0.0848905	18.0376
0.39975	-0.976415	0.82891	0.120105	32.5531	0.0844879	17.8631
0.4	-0.976208	0.828783	0.119991	32.4717	0.0840859	17.689
0.40025	-0.976	0.828492	0.119875	32.3898	0.0836846	17.5154
0.4005	-0.975793	0.828039	0.119758	32.3075	0.0832842	17.3422
0.40075	-0.975586	0.827425	0.11964	32.2246	0.0828848	17.1696
0.401	-0.97538	0.826654	0.11952	32.1413	0.0824864	16.9976
0.40125	-0.975173	0.82573	0.1194	32.0576	0.0820892	16.8262
0.4015	-0.974967	0.824654	0.119278	31.9734	0.0816933	16.6554
0.40175	-0.974761	0.82343	0.119155	31.8888	0.0812988	16.4854
0.402	-0.974555	0.822062	0.119031	31.8038	0.0809058	16.316
0.40225	-0.97435	0.820554	0.118905	31.7184	0.0805143	16.1475
0.4025	-0.974145	0.818908	0.118779	31.6326	0.0801246	15.9799
0.40275	-0.97394	0.817129	0.118652	31.5464	0.0797366	15.813
0.403	-0.973736	0.815221	0.118523	31.4599	0.0793505	15.6471
0.40325	-0.973533	0.813188	0.118393	31.3731	0.0789663	15.4822
0.4035	-0.97333	0.811034	0.118263	31.2859	0.0785842	15.3182
0.40375	-0.973127	0.808763	0.118131	31.1984	0.0782042	15.1552
0.404	-0.972925	0.80638	0.117999	31.1106	0.0778265	14.9933
0.40425	-0.972724	0.803888	0.117865	31.0225	0.077451	14.8325
0.4045	-0.972523	0.801294	0.117731	30.9342	0.0770779	14.6728
0.40475	-0.972323	0.798599	0.117596	30.8456	0.0767073	14.5142
0.405	-0.972124	0.795811	0.11746	30.7568	0.0763391	14.3568
0.40525	-0.971925	0.792932	0.117323	30.6677	0.0759735	14.2006
0.4055	-0.971728	0.789967	0.117185	30.5784	0.0756106	14.0456
0.40575	-0.97153	0.786921	0.117047	30.489	0.0752503	13.8919
0.406	-0.971334	0.783798	0.116907	30.3994	0.0748929	13.7395
0.40625	-0.971139	0.780602	0.116768	30.3096	0.0745382	13.5884
0.4065	-0.970944	0.777339	0.116627	30.2196	0.0741864	13.4386
0.40675	-0.97075	0.774012	0.116486	30.1295	0.0738374	13.2902
0.407	-0.970557	0.770626	0.116344	30.0393	0.0734915	13.1431
0.40725	-0.970365	0.767184	0.116201	29.949	0.0731485	12.9974
0.4075	-0.970173	0.763692	0.116058	29.8586	0.0728086	12.8531
0.40775	-0.969983	0.760153	0.115914	29.7681	0.0724717	12.7103
0.408	-0.969793	0.756571	0.11577	29.6775	0.0721379	12.5688
0.40825	-0.969604	0.75295	0.115625	29.5869	0.0718073	12.4288
0.4085	-0.969417	0.749294	0.11548	29.4962	0.0714798	12.2903
0.40875	-0.96923	0.745608	0.115334	29.4056	0.0711555	12.1533
0.409	-0.969044	0.741893	0.115188	29.3149	0.0708344	12.0177
0.40925	-0.968859	0.738155	0.115042	29.2242	0.0705165	11.8836
0.4095	-0.968675	0.734397	0.114895	29.1335	0.0702018	11.751
0.40975	-0.968492	0.730622	0.114748	29.0428	0.0698905	11.6199
0.41	-0.96831	0.726832	0.1146	28.9522	0.0695823	11.4903
0.41025	-0.968128	0.723033	0.114452	28.8616	0.0692775	11.3622
0.4105	-0.967948	0.719226	0.114304	28.771	0.0689759	11.2357
0.41075	-0.967769	0.715414	0.114156	28.6806	0.0686776	11.1106
0.411	-0.96759	0.711601	0.114007	28.5902	0.0683826	10.9871
0.41125	-0.967413	0.707789	0.113858	28.4999	0.068091	10.865
0.4115	-0.967236	0.703981	0.113709	28.4097	0.0678025	10.7445
0.41175	-0.967061	0.700179	0.113559	28.3196	0.0675174	10.6255
0.412	-0.966886	0.696385	0.11341	28.2297	0.0672356	10.508
0.41225	-0.966713	0.692603	0.11326	28.1398	0.066957	10.392
0.4125	-0.96654	0.688833	0.11311	28.0501	0.0666817	10.2776
0.41275	-0.966368	0.685079	0.112961	27.9606	0.0664097	10.1646
0.413	-0.966197	0.681343	0.112811	27.8712	0.0661409	10.053
0.41325	-0.966028	0.677625	0.112661	27.7819	0.0658753	9.94302
0.4135	-0.965859	0.673928	0.112511	27.6929	0.065613	9.83446
0.41375	-0.965691	0.670254	0.11236	27.604	0.0653538	9.72738
0.414	-0.965524	0.666604	0.11221	27.5153	0.0650979	9.62174
0.41425	-0.965357	0.662979	0.11206	27.4268	0.0648451	9.51756
0.4145	-0.965192	0.659382	0.11191	27.3386	0.0645954	9.41482
0.41475	-0.965028	0.655813	0.11176	27.2505	0.0643489	9.3135
0.415	-0.964864	0.652273	0.11161	27.1626	0.0641055	9.2136
0.41525	-0.964701	0.648765	0.11146	27.075	0.0638651	9.11511
0.4155	-0.96454	0.645288	0.11131	26.9876	0.0636279	9.01801
0.41575	-0.964379	0.641843	0.11116	26.9004	0.0633936	8.92229
0.416	-0.964219	0.638433	0.111011	26.8135	0.0631624	8.82794
0.41625	-0.96406	0.635056	0.110861	26.7268	0.0629342	8.73495
0.4165	-0.963901	0.631715	0.110712	26.6404	0.0627089	8.6433
0.41675	-0.963744	0.62841	0.110562	26.5542	0.0624866	8.55298
0.417	-0.963587	0.625141	0.110413	26.4683	0.0622671	8.46398
0.41725	-0.963431	0.62191	0.110264	26.3827	0.0620506	8.37628
0.4175	-0.963276	0.618715	0.110115	26.2973	0.0618369	8.28987
0.41775	-0.963122	0.615559	0.109967	26.2122	0.061626	8.20473
0.418	-0.962968	0.612441	0.109818	26.1274	0.0614179	8.12085
0.41825	-0.962816	0.609362	0.10967	26.0429	0.0612126	8.03822
0.4185	-0.962664	0.606322	0.109522	25.9587	0.06101	7.95682
0.41875	-0.962512	0.60332	0.109374	25.8747	0.0608101	7.87663
0.419	-0.962362	0.600358	0.109227	25.7911	0.0606129	7.79765
0.41925	-0.962212	0.597436	0.109079	25.7077	0.0604183	7.71984
0.4195	-0.962063	0.594553	0.108932	25.6246	0.0602264	7.64321
0.41975	-0.961915	0.591709	0.108785	25.5419	0.060037	7.56774
0.42	-0.961767	0.588905	0.108639	25.4594	0.0598502	7.4934
0.42025	-0.961621	0.58614	0.108493	25.3773	0.0596659	7.42019
0.4205	-0.961474	0.583415	0.108347	25.2955	0.0594841	7.34809
0.42075	-0.961329	0.58073	0.108201	25.2139	0.0593048	7.27708
0.421	-0.961184	0.578083	0.108055	25.1327	0.0591279	7.20715
0.42125	-0.96104	0.575476	0.10791	25.0518	0.0589534	7.13829
0.4215	-0.960896	0.572908	0.107765	24.9713	0.0587812	7.07047
0.42175	-0.960753	0.570378	0.107621	24.891	0.0586114	7.00369
0.422	-0.960611	0.567887	0.107477	24.8111	0.058444	6.93793
0.42225	-0.960469	0.565434	0.107333	24.7314	0.0582788	6.87317
0.4225	-0.960328	0.56302	0.107189	24.6521	0.0581158	6.8094
0.42275	-0.960188	0.560643	0.107046	24.5732	0.0579551	6.74661
0.423	-0.960048	0.558303	0.106903	24.4945	0.0577965	6.68477
0.42325	-0.959909	0.556	0.106761	24.4162	0.0576401	6.62388
0.4235	-0.95977	0.553735	0.106618	24.3382	0.0574859	6.56393
0.42375	-0.959632	0.551506	0.106476	24.2605	0.0573337	6.50489
0.424	-0.959494	0.549312	0.106335	24.1832	0.0571837	6.44675
0.42425	-0.959357	0.547155	0.106194	24.1061	0.0570356	6.3895
0.4245	-0.959221	0.545033	0.106053	24.0295	0.0568896	6.33313
0.42475	-0.959085	0.542946	0.105912	23.9531	0.0567456	6.27761
0.425	-0.958949	0.540894	0.105772	23.877	0.0566036	6.22295
0.42525	-0.958814	0.538875	0.105632	23.8013	0.0564634	6.16912
0.4255	-0.95868	0.536891	0.105493	23.7259	0.0563252	6.11611
0.42575	-0.958546	0.53494	0.105354	23.6509	0.0561889	6.06391
0.426	-0.958412	0.533022	0.105215	23.5761	0.0560544	6.0125
0.42625	-0.958279	0.531137	0.105077	23.5017	0.0559217	5.96188
0.4265	-0.958147	0.529283	0.104939	23.4276	0.0557908	5.91202
0.42675	-0.958015	0.527462	0.104802	23.3539	0.0556617	5.86292
0.427	-0.957883	0.525671	0.104664	23.2804	0.0555344	5.81457
0.42725	-0.957752	0.523912	0.104528	23.2073	0.0554088	5.76695
0.4275	-0.957621	0.522183	0.104391	23.1345	0.0552848	5.72004
0.42775	-0.957491	0.520484	0.104255	23.0621	0.0551626	5.67385
0.428	-0.957361	0.518815	0.10412	22.9899	0.055042	5.62836
0.42825	-0.957231	0.517175	0.103984	22.9181	0.054923	5.58355
0.4285	-0.957102	0.515564	0.103849	22.8466	0.0548056	5.53941
0.42875	-0.956973	0.513981	0.103715	22.7754	0.0546898	5.49593
0.429	-0.956845	0.512426	0.103581	22.7045	0.0545755	5.45311
0.42925	-0.956717	0.510898	0.103447	22.634	0.0544628	5.41093
0.4295	-0.95659	0.509398	0.103313	22.5637	0.0543516	5.36938
0.42975	-0.956463	0.507924	0.10318	22.4938	0.0542419	5.32845
0.43	-0.956336	0.506477	0.103048	22.4242	0.0541336	5.28813
0.43025	-0.956209	0.505055	0.102916	22.3549	0.0540268	5.2484
0.4305	-0.956083	0.503659	0.102784	22.2859	0.0539214	5.20927
0.43075	-0.955957	0.502288	0.102652	22.2172	0.0538174	5.17071
0.431	-0.955832	0.500941	0.102521	22.1489	0.0537147	5.13273
0.43125	-0.955707	0.499619	0.10239	22.0808	0.0536135	5.0953
0.4315	-0.955582	0.498321	0.10226	22.013	0.0535135	5.05842
0.43175	-0.955458	0.497046	0.10213	21.9456	0.0534149	5.02209
0.432	-0.955334	0.495794	0.102001	21.8784	0.0533176	4.98628
0.43225	-0.95521	0.494565	0.101871	21.8116	0.0532216	4.951
0.4325	-0.955086	0.493358	0.101742	21.745	0.0531268	4.91624
0.43275	-0.954963	0.492173	0.101614	21.6788	0.0530333	4.88197
0.433	-0.95484	0.49101	0.101486	21.6128	0.0529409	4.84821
0.43325	-0.954718	0.489868	0.101358	21.5472	0.0528498	4.81493
0.4335	-0.954595	0.488747	0.101231	21.4818	0.0527599	4.78214
0.43375	-0.954473	0.487646	0.101104	21.4167	0.0526712	4.74981
0.434	-0.954352	0.486566	0.100977	21.352	0.0525835	4.71795
0.43425	-0.95423	0.485506	0.100851	21.2875	0.0524971	4.68655
0.4345	-0.954109	0.484465	0.100725	21.2233	0.0524117	4.6556
0.43475	-0.953988	0.483443	0.1006	21.1593	0.0523275	4.62508
0.435	-0.953867	0.48244	0.100475	21.0957	0.0522443	4.595
0.43525	-0.953747	0.481455	0.10035	21.0324	0.0521622	4.56535
0.4355	-0.953626	0.480489	0.100226	20.9693	0.0520811	4.53611
0.43575	-0.953506	0.479541	0.100102	20.9065	0.0520011	4.50729
0.436	-0.953387	0.47861	0.0999782	20.844	0.0519221	4.47887
0.43625	-0.953267	0.477697	0.0998549	20.7818	0.0518441	4.45085
0.4365	-0.953148	0.4768	0.0997321	20.7198	0.0517671	4.42322
0.43675	-0.953029	0.475921	0.0996095	20.6581	0.0516911	4.39598
0.437	-0.95291	0.475057	0.0994874	20.5967	0.051616	4.36911
0.43725	-0.952791	0.47421	0.0993656	20.5356	0.0515419	4.34262
0.4375	-0.952673	0.473379	0.0992441	20.4747	0.0514687	4.31649
0.43775	-0.952554	0.472563	0.099123	20.4141	0.0513965	4.29072
0.438	-0.952436	0.471762	0.0990023	20.3538	0.0513251	4.26531
0.43825	-0.952319	0.470977	0.0988819	20.2937	0.0512547	4.24024
0.4385	-0.952201	0.470206	0.0987619	20.2339	0.0511851	4.21552
0.43875	-0.952083	0.46945	0.0986422	20.1744	0.0511164	4.19113
0.439	-0.951966	0.468708	0.0985229	20.1151	0.0510485	4.16707
0.43925	-0.951849	0.46798	0.0984039	20.0561	0.0509815	4.14334
0.4395	-0.951732	0.467265	0.0982853	19.9973	0.0509153	4.11993
0.43975	-0.951615	0.466564	0.0981671	19.9388	0.0508499	4.09683
0.44	-0.951499	0.465877	0.0980491	19.8805	0.0507853	4.07404
0.44025	-0.951383	0.465202	0.0979316	19.8225	0.0507215	4.05156
0.4405	-0.951266	0.464541	0.0978143	19.7648	0.0506585	4.02937
0.44075	-0.95115	0.463892	0.0976974	19.7073	0.0505963	4.00748
0.441	-0.951034	0.463255	0.0975809	19.65	0.0505348	3.98588
0.44125	-0.950919	0.46263	0.0974647	19.593	0.0504741	3.96456
0.4415	-0.950803	0.462018	0.0973488	19.5362	0.0504141	3.94352
0.44175	-0.950688	0.461417	0.0972333	19.4797	0.0503548	3.92276
0.442	-0.950572	0.460827	0.0971181	19.4234	0.0502963	3.90227
0.44225	-0.950457	0.460249	0.0970032	19.3674	0.0502385	3.88205
0.4425	-0.950342	0.459682	0.0968887	19.3116	0.0501813	3.86208
0.44275	-0.950227	0.459126	0.0967745	19.256	0.0501248	3.84238
0.443	-0.950113	0.45858	0.0966607	19.2007	0.0500691	3.82293
0.44325	-0.949998	0.458045	0.0965471	19.1456	0.0500139	3.80373
0.4435	-0.949884	0.457521	0.0964339	19.0907	0.0499595	3.78477
0.44375	-0.949769	0.457006	0.0963211	19.0361	0.0499056	3.76606
0.444	-0.949655	0.456502	0.0962085	18.9817	0.0498524	3.74758
0.44425	-0.949541	0.456007	0.0960963	18.9275	0.0497999	3.72933
0.4445	-0.949427	0.455522	0.0959844	18.8735	0.0497479	3.71132
0.44475	-0.949313	0.455046	0.0958729	18.8198	0.0496966	3.69353
0.445	-0.9492	0.454579	0.0957616	18.7663	0.0496459	3.67597
0.44525	-0.949086	0.454122	0.0956507	18.7131	0.0495958	3.65862
0.4455	-0.948973	0.453674	0.0955401	18.66	0.0495462	3.64149
0.44575	-0.948859	0.453234	0.0954298	18.6072	0.0494972	3.62457
0.446	-0.948746	0.452803	0.0953199	18.5546	0.0494488	3.60787
0.44625	-0.948633	0.45238	0.0952102	18.5022	0.049401	3.59136
0.4465	-0.94852	0.451966	0.0951009	18.45	0.0493537	3.57506
0.44675	-0.948407	0.45156	0.0949919	18.3981	0.0493069	3.55896
0.447	-0.948294	0.451162	0.0948832	18.3463	0.0492607	3.54305
0.44725	-0.948181	0.450772	0.0947748	18.2948	0.049215	3.52733
0.4475	-0.948069	0.450389	0.0946667	18.2435	0.0491698	3.51181
0.44775	-0.947956	0.450014	0.094559	18.1924	0.0491252	3.49647
0.448	-0.947844	0.449647	0.0944515	18.1415	0.049081	3.48132
0.44825	-0.947731	0.449287	0.0943444	18.0908	0.0490374	3.46634
0.4485	-0.947619	0.448934	0.0942375	18.0404	0.0489942	3.45155
0.44875	-0.947507	0.448588	0.094131	17.9901	0.0489515	3.43693
0.449	-0.947395	0.448249	0.0940248	17.94	0.0489093	3.42248
0.44925	-0.947283	0.447916	0.0939189	17.8902	0.0488676	3.4082
0.4495	-0.947171	0.447591	0.0938133	17.8405	0.0488264	3.39409
0.44975	-0.947059	0.447272	0.093708	17.7911	0.0487856	3.38014
